site	A	C	D	E	F	G	H	I	K	L	M	N	P	Q	R	S	T	V	W	Y
1	0.102922	0.0527863	0.0205153	0.0694921	0.0558231	0.0273679	0.0109395	0.00322653	0.00519194	0.00106171	0.424675	0.0497961	0.0231102	0.051411	0.00295597	0.0180053	0.00337514	0.000839631	0.0496952	0.0268094
2	0.446748	0.0260008	0.00482345	0.0064757	0.0751615	0.00529474	0.016163	0.0130532	0.0617288	0.0268881	0.11955	0.0447766	0.0010452	0.0452349	0.0133098	0.0182241	0.00207964	0.00064351	0.0453913	0.0274082
3	0.0258878	0.00149183	0.0262198	0.0515363	0.00676192	0.0101677	0.030801	0.0223526	0.0503688	0.0180186	0.0829563	0.0557409	0.000494006	0.0485238	0.0160971	0.427784	0.0473588	0.055327	0.0179198	0.00419208
4	0.00520593	0.0292498	0.0433277	0.0375839	0.0675709	0.0582743	0.00660399	0.0567019	0.0769288	0.000686596	0.0873286	0.0449103	0.311752	0.00899354	0.0208992	0.0111557	0.00663249	0.0362686	0.0295772	0.0603485
5	0.0305888	0.00165685	0.0264486	0.0541358	0.00745047	0.0069261	0.0304904	0.0208266	0.0461924	0.0165006	0.0850533	0.0614807	0.000577665	0.04569	0.0146528	0.4266	0.0517723	0.0522369	0.0168335	0.00388565
6	0.0205341	0.00376643	0.046644	0.133728	0.0933777	0.00050306	0.188974	0.00832651	0.0192458	0.00243107	0.0237589	0.0540682	0.00178212	0.0568865	0.308854	0.0132517	0.0086271	0.00822236	0.00251249	0.00450478
7	0.0325519	0.0045708	0.0425653	0.131402	0.0933262	0.000538819	0.177868	0.00551976	0.00782871	0.00300283	0.0241601	0.0598415	0.00973982	0.0568646	0.309363	0.0163336	0.00493924	0.00949914	0.00357779	0.00650703
8	0.0346506	0.0447844	0.0560009	0.0415052	0.0183945	0.0596494	0.00681463	0.049708	0.051029	0.32221	0.0993951	0.0539133	0.000238486	0.0159325	0.00518073	0.0161698	0.048418	0.0163386	0.0227445	0.0369224
9	0.0187014	0.0430802	0.011806	0.209431	0.0362119	0.0266306	0.0257735	0.0325126	0.0230368	0.00835878	0.0887068	0.0422945	0.00102715	0.16479	0.00198162	0.0342662	0.109595	0.0147376	0.0606382	0.0464197
10	0.00317132	0.00887609	0.0215505	0.0655973	0.0570625	0.0224325	0.0294112	0.00312796	0.232807	0.0203186	0.0560313	0.0239368	0.000802923	0.0350137	0.0698605	0.00584776	0.248081	0.0279013	0.0340252	0.0341443
11	0.057528	0.0238967	0.0235834	0.00389051	0.0799582	0.0432719	0.0155288	0.02772	0.457337	0.0406521	0.0144035	0.00603742	0.0161168	0.0193597	0.0140596	0.0147486	0.0130779	0.0540393	0.0215409	0.0532499
12	0.003677	0.0380797	0.0463628	0.0366543	0.0576451	0.0654735	0.0054224	0.067783	0.0763659	0.000571789	0.0791598	0.0469498	0.318633	0.00727472	0.0101358	0.00724128	0.00466278	0.0363836	0.0363356	0.0551874
13	0.0035461	0.06384	0.00337439	0.0104671	0.00333551	0.00947909	0.015984	0.0577318	0.0685552	0.0118091	0.00900907	0.141243	0.0175228	0.0443511	0.0102641	0.0282753	0.0333535	0.388259	0.0384871	0.0411127
14	0.0127148	0.0558487	0.0511854	0.0402156	0.0249512	0.0234067	0.0140339	0.515652	0.012199	0.0124357	0.0451477	0.00417845	0.0144875	0.0435535	0.00366135	0.00208367	0.00437186	0.0376871	0.0413724	0.0408131
15	0.00254182	0.0186192	0.0188815	0.108251	0.0364521	0.0829574	0.0257872	0.00629479	0.0729779	0.0392864	0.0489871	0.0209502	0.000490996	0.0525668	0.017671	0.0107511	0.306073	0.0159271	0.0516685	0.0628646
16	0.01687	0.477349	0.0235071	0.0680557	0.00701324	0.0033289	0.00491307	0.059234	0.021319	0.0294256	0.0565501	0.126871	0.00766543	0.0385287	0.000399832	0.000730547	0.0166445	0.0394887	0.00108895	0.00101627
17	0.0503381	0.00642554	0.0381585	0.0713156	0.124474	0.0535954	0.0140823	0.0125075	0.0763654	0.20598	0.0550834	0.0740538	0.00212001	0.0654501	0.0127084	0.00284338	0.0791646	0.00634542	0.0336363	0.0153528
18	0.052943	0.021394	0.0237683	0.00393399	0.0776379	0.0468579	0.0120034	0.0403785	0.441897	0.0413477	0.00994054	0.00569676	0.0172755	0.0190297	0.0122831	0.0127576	0.0104297	0.0703993	0.0239875	0.0560382
19	0.0411484	0.00202287	0.0171021	0.0529198	0.0173391	0.00144158	0.032272	0.0107316	0.0472098	0.0201466	0.0844425	0.0222867	0.00226176	0.0507612	0.00594012	0.456861	0.0692716	0.0303712	0.0203283	0.0151419
20	0.00399865	0.0273232	0.00223992	0.00975338	0.00267051	0.00187637	0.00853135	0.151195	0.089105	0.0536888	0.00893768	0.0227649	0.000697525	0.0239731	0.00305992	0.0367441	0.0146389	0.433498	0.0203987	0.0849052
21	0.0333833	0.0437922	0.0399028	0.0422494	0.00300465	0.0773242	0.0032296	0.0145086	0.0648126	0.430594	0.0296594	0.0522799	0.000225893	0.0149694	0.00218756	0.00814704	0.0469533	0.00612063	0.0253756	0.0612801
22	0.00740641	0.0815965	0.0615449	0.028304	0.00430234	0.020889	0.00822687	0.319426	0.0580882	0.154495	0.0432989	0.0196156	0.000434458	0.014849	0.00185642	0.00226024	0.0150912	0.0898124	0.00735406	0.0611483
23	0.0124735	0.0558122	0.0531801	0.0422726	0.0256894	0.0267342	0.0198627	0.481052	0.0244523	0.0288567	0.0370205	0.00613953	0.0094053	0.0369544	0.00365988	0.0027901	0.0133487	0.0398865	0.0346396	0.0457697
24	0.0429933	0.00142868	0.00486107	0.0486708	0.0612137	0.10147	0.00206258	0.0772619	0.0871717	0.0398814	0.0435122	0.00535701	0.015342	0.0397558	0.00788641	0.00708732	0.0434439	0.043377	0.0397655	0.287458
25	0.00216261	0.00388445	0.0156283	0.151173	0.0114035	0.104828	0.0269143	0.0108777	0.0397433	0.0235412	0.0527538	0.0191327	0.000521528	0.0628604	0.00642015	0.0300894	0.286916	0.0116882	0.0656363	0.0738252
26	0.0580655	0.00305783	0.0268074	0.0440038	0.316669	0.0511498	0.0167607	0.0306827	0.173386	0.0184193	0.0431766	0.0410193	0.00421251	0.0471364	0.0233583	0.00375262	0.0348309	0.011361	0.030983	0.0211671
27	0.00393024	0.0490311	0.0488871	0.020743	0.0266975	0.0100153	0.0144016	0.512282	0.019918	0.0234821	0.0515406	0.00411411	0.0105262	0.0349707	0.00197263	0.00188285	0.00463337	0.0783898	0.0407215	0.0418602
28	0.0675386	0.00665997	0.0292024	0.0280642	0.296644	0.0544843	0.00984497	0.0740511	0.194459	0.00994482	0.0384212	0.0239431	0.00640757	0.0434496	0.017064	0.00493319	0.0223259	0.0173025	0.0231926	0.0320675
29	0.0380156	0.000759899	0.0277806	0.0731341	0.0472644	0.00340927	0.0119695	0.0643596	0.0293242	0.00486464	0.0704273	0.0576649	0.00984399	0.0439315	0.000961672	0.00714455	0.0433951	0.0358068	0.388461	0.0414813
30	0.014112	0.0244356	0.0417377	0.0220047	0.0908863	0.0203888	0.0159218	0.468183	0.0366416	0.00400955	0.0287019	0.00368567	0.0191508	0.0464305	0.00426279	0.00231324	0.00372301	0.0641989	0.0521076	0.037104
31	0.0126485	0.0279194	0.0288727	0.0834955	0.0486899	0.0608655	0.0201305	0.00349099	0.071829	0.0595993	0.04663	0.0461313	0.00088659	0.0526108	0.0179156	0.00772024	0.312007	0.016355	0.0353761	0.0468266
32	0.00256599	0.000891419	0.000577451	0.012069	0.0331017	0.504856	0.0122062	0.0272176	0.0414229	0.0500638	0.0363154	0.0197871	0.0207218	0.0351435	0.000525488	0.00636163	0.0766086	0.00424937	0.00923928	0.106076
33	0.00471796	0.0129873	0.00112529	0.00299097	0.00150582	0.00115937	0.00926825	0.168123	0.0870151	0.0343789	0.00244091	0.00886223	0.00170142	0.0273939	0.00281555	0.0399977	0.00738518	0.477639	0.0225499	0.0859415
34	0.0052795	0.0465107	0.0405932	0.0244778	0.0328799	0.0151707	0.0133805	0.520394	0.0212347	0.017033	0.0400896	0.00296356	0.0162298	0.0379114	0.00204324	0.00176993	0.00458667	0.0740469	0.0424819	0.0409232
35	0.0366773	0.0505862	0.0379095	0.0425921	0.0024157	0.0743752	0.00298563	0.0113678	0.0617587	0.428507	0.0305855	0.0522639	0.000249779	0.0149247	0.00218718	0.00902385	0.0468226	0.00469146	0.0245213	0.0655551
36	0.0356883	0.0429654	0.0418666	0.0388407	0.00293957	0.0768496	0.00270045	0.0119029	0.0627826	0.437061	0.029092	0.05091	0.000232358	0.014974	0.00271431	0.00855685	0.0474283	0.0050232	0.0242157	0.0632557
37	0.231163	0.00643037	0.0115749	0.0205158	0.106325	0.0265156	0.0236653	0.0442284	0.108488	0.0270927	0.0661644	0.0352961	0.00353878	0.0393551	0.0234847	0.0857722	0.058197	0.0288309	0.0221703	0.031191
38	0.00454989	0.0158867	0.00171866	0.00428337	0.00196181	0.000999565	0.00879293	0.180867	0.0830658	0.0291295	0.003283	0.0131885	0.00618026	0.0312011	0.0029544	0.0331562	0.00765935	0.459891	0.0232706	0.0879606
39	0.00187828	0.000701874	0.00071014	0.0122509	0.0316902	0.501389	0.0114933	0.0273	0.0399648	0.0526955	0.0393635	0.0200486	0.020901	0.0359518	0.000556088	0.00624673	0.0765691	0.00396368	0.00899464	0.10733
40	0.0109263	0.0577872	0.0482621	0.0264861	0.026824	0.0185201	0.0105373	0.464057	0.0381447	0.0696042	0.0379097	0.00491979	0.0018687	0.0259674	0.00222593	0.00244637	0.0117071	0.068533	0.0189741	0.0542993
41	0.0336155	0.000527377	0.0317738	0.0741	0.0430063	0.00268944	0.0115267	0.0687618	0.0282175	0.00414697	0.0737702	0.0558582	0.010033	0.0451981	0.000939173	0.00619044	0.0444456	0.03567	0.38889	0.04064
42	0.00165248	0.000814556	0.000494855	0.0123187	0.034611	0.498955	0.0105369	0.0239711	0.040013	0.0524209	0.0398794	0.0207594	0.0191368	0.0361277	0.000516656	0.00643271	0.0769952	0.00392199	0.00987508	0.110567
43	0.0556263	0.0267712	0.0229538	0.00380372	0.0775108	0.0420002	0.0122499	0.0401097	0.450541	0.0374366	0.00899724	0.00464902	0.0184003	0.01862	0.010962	0.0143946	0.00885238	0.0684959	0.0226428	0.0549825
44	0.00426188	0.0200598	0.00193431	0.00354864	0.00293203	0.00127881	0.00970344	0.161025	0.0879286	0.0381551	0.00227168	0.0195616	0.000802874	0.0270743	0.00279727	0.0380861	0.0104236	0.462301	0.0203732	0.0854801
45	0.0437026	0.00167384	0.0163278	0.0552784	0.0141759	0.00126517	0.0314101	0.010393	0.0474463	0.0185469	0.0855776	0.0198284	0.00244673	0.0506427	0.00588145	0.454098	0.0709993	0.0325551	0.0201191	0.0176318
46	0.0367772	0.0444964	0.0393173	0.0413229	0.010683	0.0716775	0.00319636	0.022884	0.0646838	0.42291	0.0229814	0.0507974	0.000190546	0.013758	0.00186004	0.00905842	0.045547	0.0071619	0.0255095	0.0651867
47	0.00430084	0.0709645	0.00556199	0.402729	0.0443549	0.00934404	0.014834	0.0353461	0.00675787	0.0248723	0.0737204	0.051342	0.00952515	0.0445258	0.00227654	0.0147851	0.0803622	0.00436375	0.0562949	0.043739
48	0.00806988	0.135906	0.00408578	0.031906	0.0140965	0.0179211	0.00270514	0.0138517	0.00421621	0.0129867	0.019742	0.41281	0.0172164	0.0545218	0.00788298	0.00220925	0.0214765	0.169178	0.0457837	0.00343503
49	0.024323	0.000709542	0.002407	0.0395833	0.0106624	0.135896	0.00205297	0.0619494	0.06589	0.039182	0.0359788	0.00371731	0.0211949	0.0348367	0.00409805	0.015336	0.0573054	0.103901	0.0339988	0.306978
50	0.0487382	0.00833488	0.0272406	0.0544258	0.348272	0.0398482	0.0322721	0.0116831	0.113271	0.00288011	0.0713741	0.0509133	0.0156937	0.0445728	0.0393094	0.00401417	0.0333634	0.00460953	0.0392708	0.00991276
51	0.030984	0.00185396	0.0336771	0.0533808	0.0150318	0.0167031	0.0245488	0.0469415	0.0618712	0.0608569	0.0813938	0.0695024	0.000511166	0.0401795	0.0160469	0.260303	0.0421123	0.116658	0.0233226	0.00412168
52	0.0347558	0.0502304	0.0413559	0.0421598	0.00309059	0.0710017	0.00287993	0.0130907	0.0627562	0.435267	0.0294525	0.0498384	0.000218662	0.0147438	0.00254245	0.0080944	0.0483972	0.00585586	0.0253607	0.0589082
53	0.03274	0.0492322	0.0395252	0.0420506	0.00379007	0.075295	0.00394465	0.0133529	0.0640645	0.424823	0.0292053	0.0498984	0.000213698	0.017967	0.00241827	0.00417057	0.0509207	0.0055688	0.0251625	0.0656572
54	0.028745	0.119398	0.00323562	0.0482123	0.0364707	0.0187167	0.0014205	0.00456212	0.00269337	0.0241223	0.0469636	0.466505	0.0103577	0.0493714	0.00372552	0.00104243	0.0191948	0.0697245	0.0429812	0.00255683
55	0.00289438	0.073418	0.00570845	0.436696	0.044657	0.00344813	0.0147651	0.0306144	0.00405854	0.0263331	0.0795422	0.0529297	0.00874274	0.046262	0.00867506	0.0153873	0.0522619	0.00371013	0.0500026	0.0398937
56	0.0514239	0.00963585	0.0316484	0.00966687	0.140378	0.0348552	0.0111098	0.0332904	0.429905	0.0142566	0.0114307	0.0116876	0.00895597	0.0561819	0.0341499	0.00580213	0.0198512	0.0321987	0.00761636	0.0459555
57	0.444969	0.0239691	0.00385718	0.00791751	0.0723291	0.00558758	0.0175281	0.0109447	0.055819	0.0278969	0.12578	0.0471321	0.00119404	0.045845	0.0145721	0.0194001	0.00199736	0.000527446	0.0454311	0.0273035
58	0.00293411	0.0192764	0.0175877	0.0997899	0.0395863	0.0754963	0.0252156	0.00563664	0.0886407	0.0375951	0.0493566	0.0202678	0.000535095	0.050956	0.0229974	0.0103554	0.312358	0.0181309	0.0482059	0.0550779
59	0.0237867	0.119846	0.00246647	0.0532913	0.0337378	0.0240531	0.00178384	0.00441325	0.00235232	0.0211654	0.0467601	0.46097	0.0106858	0.0488278	0.00330246	0.000949828	0.0204974	0.0735454	0.0457688	0.00179649
60	0.00440309	0.0337233	0.0014346	0.00480724	0.00159274	0.00249627	0.00910606	0.127643	0.0738647	0.0232238	0.00298391	0.0603059	0.00778043	0.0363432	0.00531581	0.033985	0.0112436	0.458445	0.0275885	0.0737141
61	0.00342412	0.038675	0.0460256	0.0380792	0.0561747	0.060656	0.0041111	0.0661911	0.0712087	0.000499524	0.0845745	0.047484	0.321697	0.00794463	0.0105385	0.0072524	0.00502537	0.0386665	0.0339558	0.0578157
62	0.095095	0.0124998	0.026367	0.0572216	0.316168	0.0383547	0.0375729	0.0151852	0.0873624	0.00278095	0.073826	0.0379461	0.0220676	0.0457432	0.0479755	0.0109825	0.0258616	0.00549357	0.0282351	0.0132614
63	0.00438619	0.0152025	0.00201739	0.00309455	0.00244338	0.00142053	0.00957959	0.175081	0.0883346	0.0345948	0.00239767	0.00982436	0.00150536	0.0293781	0.00275959	0.0368779	0.00759271	0.466299	0.0210846	0.0861258
64	0.034869	0.0530873	0.0446989	0.0413942	0.00240364	0.0707932	0.00275602	0.0131592	0.0608549	0.42795	0.0315435	0.0513135	0.000207985	0.0138846	0.00210185	0.00675045	0.0478624	0.00587511	0.0256434	0.062851
65	0.00883417	0.027385	0.0217567	0.0119636	0.0191686	0.00806431	0.0123556	0.33851	0.0602459	0.032376	0.0171058	0.00409453	0.00869612	0.0313443	0.00318076	0.013615	0.00999275	0.267629	0.032334	0.0713485
66	0.136979	0.00466176	0.00160221	0.0120629	0.186501	0.135861	0.0166257	0.0609543	0.203826	0.0219494	0.0192828	0.0336058	0.00185537	0.0422054	0.0138371	0.0037433	0.0171546	0.0298059	0.0131783	0.0443075
67	0.00136566	0.0111806	0.0123764	0.143687	0.0180753	0.133313	0.0226788	0.0159822	0.0360754	0.0263799	0.0474241	0.0133855	0.000204061	0.0567149	0.00681984	0.0180738	0.275181	0.0131581	0.0662642	0.0816599
68	0.00201449	0.00100587	0.000489103	0.0120414	0.0303734	0.499378	0.0115746	0.0294029	0.0441508	0.053198	0.0405338	0.0202109	0.0205569	0.0329209	0.000569122	0.00643528	0.0760658	0.00465586	0.00845298	0.10597
69	0.00065372	0.00534674	0.0115348	0.160176	0.0142645	0.140418	0.0247313	0.0243697	0.0269712	0.0181144	0.0610745	0.0123473	0.000286888	0.0594694	0.00268829	0.0265248	0.237862	0.0100075	0.0714101	0.0917481
70	0.00260923	0.0748901	0.00498014	0.0243602	0.00595956	0.0312193	0.0195516	0.0201338	0.0844017	0.00587257	0.0216859	0.170902	0.0304149	0.0444563	0.022214	0.0214793	0.0529498	0.288578	0.0365652	0.036776
71	0.00650477	0.0487814	0.0505827	0.0243143	0.0295982	0.0172117	0.0116964	0.535178	0.0174669	0.016586	0.0436805	0.00370747	0.0120208	0.03698	0.00196613	0.00126859	0.00443452	0.0542283	0.0432529	0.0405401
72	0.00666441	0.0515121	0.0483053	0.0257388	0.0280849	0.0171876	0.0115824	0.539227	0.0162309	0.0162523	0.0417326	0.00321641	0.0126623	0.0393288	0.00244512	0.00153153	0.0047753	0.0528783	0.0408662	0.0397777
73	0.0352791	0.0463684	0.0592623	0.0442631	0.0180342	0.0624101	0.00491283	0.0921563	0.0620769	0.279463	0.0548458	0.038403	0.000298472	0.0300617	0.00257447	0.0187701	0.0440245	0.020487	0.0183566	0.0679516
74	0.0319591	0.0346086	0.0407603	0.0482371	0.00530522	0.064223	0.00681099	0.0296242	0.065554	0.407156	0.0227157	0.0439239	0.000697947	0.0203583	0.00336249	0.00427847	0.0519239	0.00739872	0.0456566	0.0654449
75	0.00320882	0.00147911	0.00119041	0.0150993	0.036375	0.470086	0.0108367	0.0228662	0.0396038	0.0456021	0.0401652	0.0172257	0.0245428	0.0355932	0.00101802	0.0113909	0.0932798	0.00453971	0.0107921	0.115105
76	0.00126149	0.00641366	0.00836972	0.116795	0.0182636	0.227493	0.0193189	0.016484	0.0275933	0.0274725	0.0480557	0.0117004	0.000247158	0.0533325	0.00441326	0.0185786	0.24296	0.00728062	0.0526165	0.0913502
77	0.0426663	0.00608454	0.0271123	0.054147	0.35681	0.034558	0.0349971	0.00990439	0.10726	0.00290093	0.0718645	0.056292	0.0175589	0.0437498	0.0397284	0.00370561	0.0309854	0.00463593	0.046663	0.00837663
78	0.0015113	0.000833024	0.000593917	0.0131782	0.0307523	0.506599	0.012749	0.0250266	0.0377911	0.0544739	0.0396833	0.0213209	0.020763	0.033312	0.000557969	0.00630126	0.0746555	0.00389616	0.0091708	0.106831
79	0.0163603	0.483687	0.0256624	0.0655715	0.00668212	0.0034918	0.00581362	0.0519864	0.0200107	0.0275199	0.0576291	0.127008	0.00704437	0.0406763	0.000441743	0.000653602	0.0167432	0.0409166	0.00113569	0.000966332
80	0.0567584	0.209897	0.0289634	0.0916717	0.165135	0.0327366	0.0194505	0.0507926	0.0480927	0.00105109	0.0991332	0.0623675	0.0196912	0.047372	0.00994799	0.00424762	0.0322911	0.00622438	0.0100827	0.00409277
81	0.449748	0.0239567	0.0033903	0.009069	0.073859	0.00603544	0.0172722	0.0122753	0.0536424	0.0246738	0.128873	0.0466769	0.000606477	0.0460543	0.0128449	0.0190405	0.0016432	0.000759179	0.0429821	0.0265979
82	0.00246262	0.0212172	0.018624	0.0955658	0.036021	0.0826441	0.0236022	0.00607146	0.0808289	0.0410109	0.0473719	0.0187777	0.000503571	0.0501178	0.0214325	0.0101422	0.318211	0.017395	0.0506577	0.0573422
83	0.0172052	0.480656	0.0238769	0.0665334	0.00664628	0.00355303	0.00511034	0.0581132	0.0183371	0.0302703	0.0576722	0.12661	0.00709175	0.0389728	0.000371673	0.000661914	0.0156433	0.0403852	0.00132634	0.000962513
84	0.0290566	0.0031766	0.043806	0.109284	0.0894689	0.00210249	0.142148	0.00898201	0.097967	0.00202798	0.0298015	0.0485189	0.00144443	0.062589	0.26687	0.0155504	0.0240894	0.0103002	0.00310216	0.00971449
85	0.135385	0.00681336	0.00323597	0.00877421	0.194383	0.130954	0.0162572	0.0583319	0.212432	0.0189179	0.0167746	0.0330292	0.00105982	0.0427468	0.014729	0.00484663	0.0172671	0.0293045	0.0126686	0.042089
86	0.105475	0.00258869	0.0243123	0.0414647	0.0170697	0.00537375	0.0215716	0.0169726	0.047889	0.0163514	0.109884	0.0682958	0.000718627	0.0406997	0.0181812	0.353157	0.0562205	0.0335161	0.0159443	0.004314
87	0.236637	0.0477967	0.0454182	0.0198704	0.0769575	0.0114376	0.0202972	0.019736	0.0779497	0.022218	0.0796691	0.0898926	0.0385994	0.0380795	0.0146423	0.0205407	0.0568011	0.00757398	0.0402555	0.0356277
88	0.0335547	0.000557318	0.0266737	0.0782656	0.0451587	0.00325315	0.0130184	0.0675309	0.0284165	0.00433792	0.0740294	0.0540599	0.0100398	0.0412302	0.000958095	0.00640054	0.046265	0.031523	0.393033	0.0416941
89	0.0990098	0.0530788	0.0217459	0.0701949	0.059177	0.025267	0.011158	0.00332414	0.00519858	0.00120165	0.427214	0.0535873	0.0214039	0.0464591	0.00352266	0.0181939	0.00302922	0.000857857	0.0497206	0.0266558
90	0.0361082	0.0465666	0.0421224	0.0390114	0.00902612	0.0761379	0.00363729	0.0148446	0.0613699	0.428149	0.0282289	0.0500079	0.000231152	0.0129073	0.00231407	0.00944589	0.0476354	0.00601812	0.0250097	0.061228
91	0.0623356	0.0287135	0.0229257	0.00393971	0.0768601	0.0466528	0.0139263	0.0248263	0.460928	0.0408991	0.0148018	0.00531176	0.0176195	0.017485	0.0132663	0.0139221	0.0110299	0.0469314	0.0268246	0.0508005
92	0.0349538	0.0454124	0.045868	0.0418649	0.0105332	0.0696257	0.00557826	0.0216648	0.0654414	0.421682	0.0230949	0.0495292	0.000232971	0.0136348	0.00279108	0.00785225	0.0472373	0.00689925	0.0244064	0.0616972
93	0.0169272	0.000766856	0.00234193	0.0410695	0.00861223	0.117737	0.00110326	0.0666162	0.0705739	0.0523889	0.0351818	0.00304584	0.0187755	0.0316322	0.00471768	0.00840499	0.04272	0.0792619	0.038077	0.360045
94	0.454046	0.025552	0.00391475	0.00655587	0.0739246	0.00512442	0.0162615	0.0114233	0.0591923	0.0251861	0.120688	0.0451612	0.000670342	0.0478238	0.014798	0.0194943	0.00171158	0.00055423	0.0418391	0.0260783
95	0.0969894	0.0525689	0.023233	0.0699316	0.0589664	0.0202296	0.0103712	0.00341392	0.0065567	0.00196993	0.427995	0.0522296	0.0254448	0.048153	0.00332035	0.0178781	0.00376529	0.000941559	0.0497451	0.0262967
96	0.0842005	0.000826286	0.0276112	0.0101442	0.242652	0.058053	0.00512211	0.145434	0.206441	0.00925696	0.0135833	0.0116114	0.000995052	0.0458102	0.0131419	0.0061356	0.015364	0.0328647	0.0163992	0.0543528
97	0.0359799	0.0478579	0.0406907	0.0428341	0.0130159	0.0726844	0.00450707	0.0226859	0.0681146	0.418637	0.0202118	0.0477345	0.000231768	0.0140639	0.00234836	0.00735344	0.0464148	0.00727599	0.0261046	0.0612536
98	0.000847849	0.00313178	0.0122045	0.16335	0.00728636	0.134712	0.025305	0.0237609	0.0275034	0.0127945	0.0638233	0.0140542	0.000575765	0.0586713	0.00397516	0.0338984	0.241668	0.0108098	0.0722135	0.0894136
99	0.0198053	0.0643679	0.0640918	0.0337884	0.00441923	0.0417809	0.00555208	0.178276	0.0621218	0.234239	0.0635992	0.0383278	0.000213278	0.0166503	0.00277744	0.00937289	0.0319399	0.0626988	0.0113743	0.0546033
100	0.00537024	0.0316842	0.0329914	0.0148076	0.026436	0.00781468	0.0141825	0.427058	0.0387238	0.0209561	0.0285718	0.00409589	0.0137166	0.0374543	0.00263941	0.00754012	0.00588709	0.179428	0.0416713	0.0589708
101	0.0491689	0.00819208	0.0272141	0.0496662	0.363225	0.0366589	0.0339469	0.0128059	0.108249	0.00310952	0.0662529	0.0485395	0.014992	0.045517	0.0379007	0.00423187	0.034131	0.00440227	0.0412254	0.010571
102	0.0319424	0.0530472	0.0409912	0.0431927	0.0034688	0.0703984	0.00368579	0.0242878	0.0625326	0.434451	0.0204821	0.0477234	0.000453579	0.0166925	0.00222669	0.00353817	0.0460022	0.00736399	0.0203405	0.0671787
103	0.00716058	0.0263965	0.00128149	0.00497724	0.00213068	0.00205537	0.00785923	0.128509	0.0720073	0.0224371	0.00393999	0.0683995	0.00722143	0.0383613	0.00405609	0.0317979	0.0135599	0.450201	0.0307181	0.0769296
104	0.002449	0.0623759	0.00567187	0.430327	0.0388541	0.00325155	0.0154324	0.0251542	0.00647562	0.0202373	0.076161	0.0457462	0.00413951	0.067447	0.0109321	0.0146058	0.0720702	0.00378595	0.0558577	0.0390257
105	0.024369	0.0637693	0.0646245	0.0332771	0.00742083	0.0388334	0.00682568	0.157789	0.0521672	0.246762	0.0853774	0.0464703	0.000210667	0.00983592	0.00446798	0.00890358	0.0448927	0.0496084	0.0118652	0.0425294
106	0.00327344	0.0659479	0.00275091	0.00984653	0.0035397	0.00803023	0.0130066	0.0586092	0.0740536	0.0111719	0.00790867	0.141419	0.0223867	0.0439325	0.010912	0.0273878	0.0295146	0.377471	0.0365001	0.0523373
107	0.455099	0.0127461	0.00375347	0.0101979	0.0758839	0.00380119	0.0195003	0.0142542	0.0568591	0.013943	0.127056	0.032694	0.00071271	0.047018	0.017408	0.0389631	0.0036098	0.00148034	0.0431488	0.0218709
108	0.317402	0.0333282	0.00449862	0.0163531	0.103903	0.0535868	0.0202323	0.0263196	0.0964744	0.0298557	0.0956042	0.0511777	0.00164942	0.0454763	0.00814828	0.00985348	0.00576338	0.00672884	0.0390424	0.0346026
109	0.00379349	0.0547792	0.0554445	0.0261402	0.0254137	0.012217	0.0120861	0.524607	0.0137391	0.0207377	0.0549535	0.00343021	0.0123341	0.0378855	0.00178482	0.00125552	0.00432299	0.056526	0.0391828	0.0393662
110	0.00469286	0.0110256	0.0013636	0.00343574	0.0025016	0.0010618	0.00961591	0.167936	0.0867886	0.0337347	0.00267053	0.00935828	0.00157523	0.0287669	0.00256412	0.0400422	0.00761521	0.47984	0.0210675	0.0843436
111	0.0192765	0.0156823	0.00924145	0.00839545	0.0526441	0.392115	0.0175214	0.0622432	0.0580125	0.0440541	0.0356721	0.0380414	0.0225846	0.0375061	0.00147216	0.01037	0.066007	0.0259004	0.011103	0.0721569
112	0.0525398	0.0071077	0.0274465	0.0530406	0.355656	0.0350064	0.0326913	0.0116226	0.109845	0.00289683	0.0684047	0.0532719	0.0176302	0.0439193	0.040152	0.00388891	0.029837	0.00409769	0.0410746	0.00987057
113	0.00513631	0.014473	0.00127452	0.00391624	0.00176865	0.00118972	0.00992	0.153201	0.0858662	0.0290655	0.00303468	0.0188031	0.00539655	0.0318108	0.00365678	0.0431748	0.0106586	0.470896	0.0244768	0.0822807
114	0.047311	0.00742311	0.0278087	0.0587587	0.354393	0.0345862	0.0328953	0.0117093	0.100815	0.00258678	0.0713846	0.0545634	0.0190306	0.0458056	0.0370332	0.00352907	0.0337852	0.00391195	0.0443651	0.00830435
115	0.0262644	0.00320745	0.0440207	0.135271	0.096484	0.000389643	0.18691	0.00402635	0.00815939	0.0027541	0.0219317	0.0638545	0.0038975	0.0571084	0.312296	0.0140641	0.00425437	0.00783978	0.00366652	0.0036
116	0.0714003	0.0270773	0.0069628	0.0424365	0.0565727	0.0680683	0.253198	0.0906302	0.0660548	0.00921468	0.0735968	0.0136242	0.00253359	0.00889307	0.00532511	0.0436716	0.0576607	0.0500779	0.0344532	0.0185483
117	0.00253016	0.0714666	0.00395681	0.431594	0.040725	0.00308658	0.013988	0.0240372	0.00626338	0.0202675	0.078555	0.0454541	0.00514487	0.0659394	0.00838275	0.0153637	0.0665578	0.00297906	0.053286	0.0404226
118	0.00567694	0.0452441	0.0481495	0.0293922	0.0281223	0.0199219	0.0118684	0.53369	0.0162959	0.0149873	0.0423669	0.00311688	0.0176257	0.0376646	0.00175889	0.00142635	0.00437653	0.0536737	0.0436533	0.0409884
119	0.0496373	0.0106472	0.0270045	0.00664849	0.122817	0.0336117	0.0138776	0.0282835	0.458209	0.0155544	0.0149654	0.00872779	0.0219771	0.0325914	0.0375756	0.00533863	0.0228334	0.0358665	0.0104161	0.043417
120	0.0632131	0.00444423	0.0880705	0.0566972	0.0242818	0.0133945	0.0097265	0.0056029	0.0524868	0.0362531	0.087527	0.226479	0.0145446	0.0301764	0.0273333	0.164831	0.0599794	0.0138379	0.0193195	0.00180073
121	0.0490707	0.00197438	0.0423405	0.0723271	0.01937	0.00223554	0.0217706	0.00850375	0.0422136	0.0254848	0.0917372	0.154478	0.00613696	0.0440288	0.0116798	0.24471	0.102826	0.0175288	0.0284605	0.0131225
122	0.0633391	0.00435107	0.0273638	0.0458206	0.322178	0.0513221	0.016251	0.0276704	0.165469	0.0172417	0.0468624	0.0394718	0.00389282	0.0443129	0.0217497	0.00419472	0.0353159	0.0100531	0.0326549	0.020485
123	0.0515549	0.0138035	0.0305103	0.0151287	0.109238	0.0562732	0.00627249	0.0478816	0.268095	0.093119	0.00852197	0.0133766	0.00173011	0.0612501	0.0109343	0.00762959	0.0106687	0.0547763	0.0140925	0.125144
124	0.159069	0.0029808	0.00698214	0.0259166	0.0181592	0.00212609	0.026032	0.0160118	0.0313352	0.0134103	0.182818	0.0484223	0.0170786	0.0348698	0.0432394	0.27726	0.0639519	0.0119141	0.016849	0.00157428
125	0.0167174	0.126766	0.00307803	0.056221	0.0425375	0.0222269	0.00237328	0.00426803	0.00285738	0.0285288	0.0329657	0.436083	0.00533245	0.0524832	0.00314989	0.00110316	0.051397	0.0671471	0.0422075	0.00255739
126	0.019801	0.000869118	0.0017771	0.0350714	0.00879244	0.121084	0.000988856	0.0649201	0.0666608	0.0534847	0.0348665	0.00304075	0.0200733	0.0298375	0.00438326	0.00790891	0.0419317	0.0793574	0.0365112	0.36864
127	0.0124029	0.0326294	0.023812	0.15469	0.0183928	0.00352946	0.0322541	0.0424639	0.0413705	0.0352134	0.120684	0.0486138	0.0047353	0.0398878	0.00651936	0.0404999	0.168714	0.0374044	0.07434	0.0618428
128	0.0833954	0.0032543	0.119132	0.0268125	0.0137777	0.0441696	0.00632365	0.00612551	0.10085	0.121802	0.127524	0.112591	0.00648279	0.00902365	0.0259508	0.0584158	0.097568	0.0192898	0.0156	0.00191217
129	0.237219	0.00609983	0.00958546	0.0228306	0.0805325	0.018204	0.0265155	0.0569332	0.0957159	0.0235407	0.0867485	0.0302106	0.00266083	0.0414282	0.0262459	0.0998116	0.0619115	0.0254355	0.0222532	0.0261176
130	0.0121805	0.0841433	0.0607131	0.0304111	0.0035954	0.0237773	0.00699934	0.286202	0.0527377	0.160419	0.0751721	0.0359999	0.000784116	0.0145725	0.00261787	0.00216278	0.0229728	0.0678503	0.00745824	0.04923
131	0.0549635	0.0099548	0.0388854	0.0154273	0.139576	0.0325795	0.0090171	0.0296091	0.410684	0.0187639	0.0118303	0.0156728	0.00757116	0.0650376	0.0340808	0.00652244	0.0180881	0.0256082	0.00585652	0.0502716
132	0.0143498	0.00281278	0.0183389	0.191305	0.0106074	0.0623265	0.0275096	0.019163	0.0242006	0.00676271	0.0807141	0.0402676	9.83126e-05	0.0604085	0.00235385	0.0420898	0.210632	0.0144575	0.0882445	0.0833574
133	0.015099	0.000507565	0.0016021	0.0335077	0.00844069	0.122132	0.000836971	0.0671147	0.0700251	0.0564617	0.0368702	0.00290315	0.0213787	0.0291539	0.00487381	0.00810838	0.0409186	0.0795793	0.0366973	0.363789
134	0.0290873	0.119897	0.0025462	0.0528759	0.0338684	0.0230152	0.00163369	0.00514969	0.00202738	0.0246242	0.05032	0.457801	0.00992152	0.0434918	0.00374201	0.000927679	0.019443	0.071351	0.0466177	0.00165926
135	0.0659427	0.00110382	0.11597	0.0225498	0.00390205	0.0666973	0.00874854	0.00710386	0.0914137	0.172767	0.132209	0.087062	0.0012961	0.0151004	0.0216499	0.0316338	0.113862	0.0211891	0.0186134	0.00118569
136	0.0137885	0.0660115	0.0303242	0.0723992	0.0504809	0.0320084	0.0136677	0.00265623	0.0291392	0.0520731	0.0207222	0.22829	0.000708986	0.0485697	0.00859281	0.0119417	0.229851	0.0321284	0.0360648	0.020581
137	0.0967995	0.0126721	0.0119133	0.00424845	0.217462	0.101152	0.0144157	0.0501573	0.23628	0.0207652	0.0191619	0.0312195	0.00762475	0.035512	0.0219073	0.00689997	0.0380482	0.0282251	0.00783529	0.0377
138	0.00603543	0.0402572	0.3263	0.00474874	0.0449688	0.00134636	0.00221169	0.206324	0.0715501	0.0463912	0.0538448	0.0121345	0.0205657	0.0447379	0.00587938	0.00688125	0.0171632	0.0286007	0.0341727	0.0258864
139	0.00747282	0.0010899	0.02225	0.250467	0.00780907	0.018504	0.0229311	0.0329818	0.0271727	0.0164259	0.0766801	0.0163776	0.00182986	0.0612271	0.00222047	0.0212512	0.182395	0.0129073	0.093649	0.124359
140	0.0252701	0.00403014	0.0467069	0.133879	0.0935297	0.000328235	0.184839	0.00474952	0.0093528	0.00394968	0.0255261	0.0588377	0.00400393	0.0593969	0.313075	0.0126642	0.00493842	0.00618729	0.00350023	0.00523456
141	0.0639405	0.0014984	0.0214802	0.0500252	0.0161526	0.00189602	0.0275915	0.00910338	0.0401749	0.0175649	0.0997939	0.043719	0.0015125	0.0506706	0.00944698	0.442069	0.0475242	0.0261121	0.0231901	0.00653463
142	0.0043783	0.00383773	0.0480231	0.155937	0.0957588	0.000368612	0.215372	0.0056142	0.00962038	0.00322981	0.0251945	0.0511228	0.00127724	0.0570146	0.281289	0.0149218	0.017007	0.00247452	0.00539887	0.00215909
143	0.451897	0.0246326	0.00518747	0.00674388	0.073227	0.00555193	0.0158057	0.0123197	0.0584465	0.0269024	0.122317	0.0477279	0.000638418	0.0445301	0.0132327	0.0181851	0.00138734	0.000549126	0.044119	0.0265995
144	0.0047265	0.0459768	0.00333494	0.00386944	0.00343349	0.00303913	0.00943828	0.11158	0.0691051	0.0185307	0.0029941	0.0855613	0.0102519	0.0397178	0.0051587	0.0319359	0.0124737	0.445016	0.0289167	0.0649395
145	0.00721662	0.0438839	0.399241	0.00423476	0.0577952	0.00129356	0.00243497	0.086811	0.0729668	0.0514127	0.0680222	0.0264716	0.0257384	0.0445587	0.00817399	0.00977525	0.0240804	0.0117048	0.0443892	0.00979444
146	0.0149913	0.00905548	0.0314396	0.00808631	0.0712051	0.0192877	0.0231839	0.00437299	0.407841	0.0139612	0.0494738	0.0248862	0.00446924	0.0241745	0.0864531	0.00581735	0.140522	0.0276144	0.0101436	0.0230211
147	0.0139687	0.052406	0.0508286	0.0434513	0.0225795	0.0288674	0.0153646	0.504217	0.0130388	0.0117539	0.0431884	0.00406954	0.0175765	0.041902	0.00269935	0.00208166	0.00457694	0.0374604	0.043149	0.0468202
148	0.0577454	0.058758	0.0365457	0.0099916	0.0508381	0.0408933	0.00233051	0.0777179	0.00909095	0.00502446	0.0811343	0.0799937	0.00127755	0.297041	0.000696871	0.025289	0.0340246	0.0492136	0.0445906	0.0378028
149	0.127066	0.00338131	0.00477142	0.0340769	0.0161276	0.00196336	0.0446232	0.0120144	0.0335854	0.0128926	0.148251	0.0454437	0.0119882	0.0380249	0.0419225	0.318979	0.070956	0.0140618	0.0180784	0.00179262
150	0.00342445	0.0162872	0.0215377	0.098127	0.0470522	0.0286104	0.0309799	0.00592223	0.186259	0.0222257	0.124963	0.0195314	0.000513068	0.0483271	0.0333182	0.0124309	0.179368	0.0148969	0.0610674	0.0451586
151	0.0317	0.0510205	0.0399318	0.0419384	0.00321077	0.070687	0.0039612	0.0303159	0.0657871	0.42819	0.0244277	0.0469835	0.000591971	0.0163618	0.00265027	0.00356674	0.044027	0.00768822	0.0206921	0.0662676
152	0.0256207	0.00592196	0.0311517	0.113608	0.0869599	0.00688068	0.223567	0.0135532	0.0640933	0.00360933	0.044182	0.0352812	0.00162382	0.0530202	0.195356	0.0381507	0.0323556	0.0142789	0.00909522	0.00169107
153	0.0177781	0.47884	0.0220391	0.0690965	0.00787261	0.00378413	0.00526233	0.0546821	0.0200414	0.0311714	0.0588245	0.125761	0.00679194	0.0397921	0.000368029	0.000631697	0.0159734	0.0386836	0.00122192	0.00138417
154	0.0182518	0.476897	0.0242944	0.0696133	0.00762588	0.003628	0.00620339	0.0534205	0.0183544	0.0274236	0.0594859	0.127793	0.00733831	0.0399726	0.000553488	0.000636841	0.0180352	0.0368344	0.00171351	0.00192449
155	0.0030418	0.00104185	0.00046132	0.0128394	0.0350333	0.49427	0.0129527	0.0290018	0.0411531	0.0522396	0.0384644	0.0214959	0.0199911	0.0338922	0.000631578	0.00648275	0.0739926	0.00525631	0.0110124	0.106746
156	0.00642697	0.0287822	0.00156069	0.00664473	0.00226852	0.0019179	0.00912349	0.128767	0.0689089	0.0220718	0.00532077	0.0664538	0.00683532	0.0383911	0.00410633	0.0330163	0.0228051	0.438906	0.029501	0.0781917
157	0.00206009	0.00288552	0.0125674	0.190096	0.0147292	0.0505346	0.0285707	0.011414	0.0381269	0.0446866	0.0704111	0.0170493	0.00031287	0.0745577	0.00484331	0.0262757	0.241307	0.00960703	0.0876837	0.0722807
158	0.0462356	0.00346055	0.0670544	0.0331225	0.0206587	0.00799461	0.00582348	0.00686075	0.0522648	0.0347018	0.0938081	0.205016	0.0178162	0.0265629	0.0266803	0.240005	0.0817706	0.010579	0.0184164	0.00116886
159	0.191688	0.000421858	0.00361171	0.00980722	0.24796	0.0528318	0.000810294	0.0773258	0.185748	0.00817469	0.038054	0.00941771	0.00195273	0.0441222	0.0176701	0.013005	0.0144564	0.0211311	0.01505	0.0467611
160	0.0238129	0.0223496	0.0481689	0.059035	0.0488512	0.0205773	0.0221205	0.00328719	0.0967966	0.05274	0.0650312	0.103263	0.00324071	0.0389381	0.0265489	0.0122278	0.270789	0.0284355	0.0314215	0.0223643
161	0.00742016	0.0444057	0.395418	0.00473099	0.0595593	0.00176413	0.00317476	0.0845273	0.0744378	0.0506825	0.0669132	0.029054	0.0264025	0.0461869	0.00904231	0.00881735	0.0235583	0.0113021	0.0430524	0.00955069
162	0.038022	0.000718794	0.0272803	0.0768068	0.0451087	0.00405112	0.0127615	0.0640597	0.0282953	0.00591917	0.0784937	0.0568387	0.00879586	0.0440824	0.000927907	0.00670935	0.0464253	0.0348758	0.382453	0.0373741
163	0.00288299	0.00368558	0.00769997	0.228893	0.0183395	0.00447185	0.0443508	0.0106079	0.0427546	0.023993	0.0879003	0.0189856	0.00037728	0.0870432	0.00552321	0.0434988	0.203355	0.0104904	0.101202	0.0539442
164	0.0575658	0.00234234	0.107559	0.0436699	0.012348	0.0385086	0.00886274	0.00949232	0.082822	0.106766	0.110567	0.104441	0.00562175	0.0206789	0.0193864	0.0667604	0.137968	0.0335409	0.022653	0.00844502
165	0.001882	0.00512663	0.0165255	0.145944	0.0179558	0.0973536	0.0279346	0.0110414	0.0437151	0.0250124	0.0542745	0.0175482	0.000405137	0.0607731	0.00725602	0.0259529	0.285029	0.0133949	0.0645316	0.0783433
166	0.0774988	0.00128165	0.112197	0.0249604	0.0126215	0.0631642	0.00780406	0.00638967	0.0958852	0.157862	0.120968	0.0914637	0.00201176	0.0136376	0.0238292	0.035054	0.112428	0.0218752	0.0173054	0.0017636
167	0.0181831	0.00037319	0.00168817	0.0354676	0.00999901	0.117699	0.00101369	0.0656065	0.072265	0.0540449	0.0368621	0.00342443	0.0195082	0.0286757	0.00542938	0.00800378	0.0413765	0.081028	0.0352247	0.364127
168	0.0205798	0.00142693	0.00198149	0.0366565	0.00861858	0.117425	0.00112739	0.0643972	0.0696643	0.0519715	0.0388437	0.00361261	0.0190634	0.02825	0.00470604	0.00807315	0.0420485	0.0786626	0.0397383	0.363153
169	0.0891189	0.00340188	0.0193448	0.00874673	0.228179	0.0551454	0.00502272	0.170611	0.190291	0.00950113	0.0144464	0.00945136	0.000107625	0.0466818	0.0129156	0.00782633	0.0150118	0.0458445	0.0128029	0.0555493
170	0.00743211	0.0175105	0.0553706	0.263502	0.0656383	0.00233279	0.112887	0.021685	0.00886136	0.0186574	0.0486108	0.0534583	0.00767018	0.0415816	0.136624	0.0279896	0.0487738	0.0050227	0.0275964	0.0287966
171	0.0802667	0.00605972	0.0425524	0.0108898	0.182937	0.0521071	0.00601602	0.0433214	0.332277	0.0183574	0.0158198	0.0227218	0.00277083	0.0560953	0.0215958	0.00979391	0.0168407	0.0259029	0.007181	0.0464927
172	0.00218767	0.00309087	0.00146685	0.0107615	0.036205	0.495342	0.0124519	0.0288393	0.0412609	0.0499362	0.0425038	0.0216563	0.019629	0.0320043	0.00051394	0.00675615	0.0751202	0.00417813	0.0103467	0.105749
173	0.0925491	0.00352455	0.0220425	0.0313428	0.239918	0.0601755	0.00746604	0.0443351	0.171365	0.00517823	0.0480602	0.0192282	0.00948228	0.0475519	0.0158634	0.00550657	0.0288665	0.0146824	0.0284623	0.104399
174	0.00300068	0.0414897	0.045837	0.0386899	0.0600715	0.0623846	0.00394838	0.0676034	0.0720208	0.000552043	0.0840838	0.0474633	0.315746	0.00877641	0.0100456	0.00721003	0.00451035	0.0365465	0.0342372	0.0557827
175	0.0473971	0.00683758	0.0454156	0.0170285	0.11844	0.0237986	0.0140537	0.0208321	0.408862	0.0139239	0.0267134	0.028054	0.00802196	0.0455156	0.057453	0.0105368	0.047974	0.0189655	0.0057759	0.0344007
176	0.0511791	0.00167526	0.0166697	0.0570831	0.0139586	0.00141211	0.0315319	0.0118038	0.0488108	0.0181608	0.0818812	0.0213442	0.00220804	0.0477662	0.00632002	0.451372	0.0685036	0.033358	0.0198949	0.0150666
177	0.0184903	0.483765	0.0230786	0.0664814	0.00751368	0.00318578	0.00505122	0.0548692	0.0209651	0.0287145	0.0560435	0.125356	0.00803686	0.0397275	0.000572447	0.000654199	0.0164181	0.03868	0.00127104	0.00112579
178	0.0161769	0.479288	0.0233272	0.0706008	0.00768915	0.0037942	0.00489536	0.0566159	0.0190559	0.0289488	0.0592225	0.124075	0.00749166	0.0394132	0.00041894	0.000689511	0.0173792	0.0386377	0.00105196	0.00122832
179	0.0288188	0.00744789	0.0345808	0.00715692	0.0887503	0.0182474	0.0191542	0.00995061	0.456059	0.00930838	0.0467805	0.0126611	0.0168688	0.0281456	0.0819206	0.00405309	0.0641585	0.0245348	0.00752193	0.0338808
180	0.00308124	0.00121701	0.0160162	0.201715	0.00430886	0.0625278	0.032577	0.0195274	0.047137	0.00756081	0.0678196	0.0172984	9.2963e-05	0.0720972	0.00467594	0.0250844	0.233449	0.0102186	0.0894117	0.0841835
181	0.00374409	0.00328669	0.047244	0.16421	0.0813627	0.00103003	0.188016	0.00720331	0.0138176	0.0046663	0.0363683	0.0466419	0.00106867	0.060433	0.232967	0.0175989	0.0490156	0.00391799	0.0220453	0.0153635
182	0.0429283	0.00814788	0.114776	0.0205173	0.0276043	0.0962011	0.0294	0.0184658	0.0728929	0.119459	0.111076	0.0761653	0.0113145	0.0306243	0.0178995	0.054779	0.100454	0.0163501	0.0234257	0.00751955
183	0.0168928	0.476205	0.025381	0.0710999	0.00811116	0.00318432	0.00508009	0.0526119	0.021314	0.0282177	0.0592798	0.127528	0.00705656	0.0402938	0.000515535	0.000606118	0.0169841	0.0370247	0.0014929	0.00112038
184	0.00130242	0.000463469	0.0123681	0.187456	0.0036057	0.0916098	0.0281909	0.0191421	0.0295623	0.00971436	0.064608	0.0152807	9.98389e-05	0.0652003	0.0027827	0.0301222	0.242435	0.011594	0.0840318	0.10043
185	0.0037617	0.0314698	0.0463321	0.0385667	0.0601075	0.0684895	0.00476077	0.0607301	0.072496	0.00066889	0.0864211	0.0442629	0.317186	0.00750246	0.0136436	0.0104823	0.00550079	0.0372237	0.0329343	0.0574594
186	0.00560488	0.000582781	0.0119045	0.213345	0.0162576	0.0175409	0.0300472	0.013577	0.0333894	0.0316423	0.0831012	0.0264924	0.000510568	0.0634182	0.00345766	0.0400258	0.217639	0.00999794	0.120225	0.0612406
187	0.0129756	0.00868852	0.0311175	0.00868611	0.0711966	0.0185013	0.023945	0.00301555	0.382669	0.0138535	0.059526	0.0252024	0.0055976	0.0210418	0.0897927	0.00379436	0.155945	0.0300984	0.00971987	0.0246332
188	0.00799016	0.0499691	0.385606	0.00506072	0.0511856	0.00140443	0.00239007	0.112187	0.0768824	0.0517472	0.0625826	0.0184454	0.0235269	0.0435229	0.00723018	0.0101183	0.0212393	0.0149297	0.0415681	0.0124144
189	0.0612781	0.0301595	0.134477	0.0713229	0.0546019	0.0111729	0.0239608	0.0157177	0.173664	0.0448129	0.0725225	0.0875514	0.0208938	0.0374834	0.0395853	0.0234042	0.0412698	0.0166492	0.01988	0.0195926
190	0.0675159	0.0050685	0.0737538	0.0957062	0.0297404	0.00588543	0.014546	0.00783225	0.0520314	0.0356722	0.0928942	0.187737	0.0123211	0.0321117	0.038644	0.160105	0.0572422	0.0100296	0.0191893	0.00197292
191	0.0599278	0.0192577	0.0436435	0.020595	0.11091	0.0492053	0.0097175	0.0248327	0.294644	0.0523102	0.0268918	0.0277504	0.00561716	0.0950625	0.0160167	0.0169252	0.0174738	0.0243355	0.0167751	0.0681077
192	0.0041066	0.0181941	0.00814862	0.00543949	0.00907993	0.00281786	0.0112121	0.236073	0.0724576	0.0256066	0.00868154	0.0102837	0.00966099	0.0338191	0.0039418	0.0257536	0.00760301	0.395652	0.0310584	0.0804099
193	0.0288452	0.122717	0.00315782	0.052162	0.0375341	0.0216157	0.00162374	0.00454741	0.00212324	0.0234934	0.0491117	0.453609	0.0105198	0.0463809	0.00433247	0.0012297	0.019235	0.072767	0.043211	0.0017842
194	0.0151982	0.00568077	0.00381315	0.208043	0.0229942	0.00463154	0.0578758	0.00913538	0.0439797	0.0229151	0.119316	0.0169137	0.00131143	0.097316	0.00941604	0.0633835	0.166118	0.0103444	0.0888464	0.0327677
