site	A	C	D	E	F	G	H	I	K	L	M	N	P	Q	R	S	T	V	W	Y
1	0.0881671	0.0616865	0.0169589	0.0679595	0.0623084	0.0290814	0.0127074	0.00346367	0.00691496	0.00165401	0.434475	0.0508184	0.0154517	0.050706	0.00378796	0.020858	0.00393999	0.000852691	0.0431268	0.0250817
2	0.430899	0.0351088	0.00535834	0.0066729	0.077157	0.0054011	0.0164547	0.0146505	0.072259	0.0256297	0.115352	0.0436881	0.000627929	0.0530044	0.0168372	0.0173583	0.00200715	0.000716234	0.0333174	0.0275005
3	0.0248253	0.00113531	0.0244738	0.0635646	0.00602133	0.00776097	0.0291939	0.0202641	0.0437615	0.0152004	0.0976572	0.0671055	0.000384571	0.0442276	0.0169932	0.415597	0.0494479	0.0503482	0.0157196	0.00631844
4	0.00360804	0.0314542	0.051357	0.0300038	0.0686167	0.0568898	0.00487662	0.0611688	0.0965032	0.000605021	0.0660091	0.047759	0.315097	0.00870986	0.0182157	0.00877888	0.00465276	0.0322866	0.0287973	0.0646108
5	0.0296388	0.00147769	0.0267152	0.0630434	0.00635227	0.00763035	0.031051	0.0205922	0.0433656	0.0157917	0.100825	0.0673104	0.00049303	0.0467423	0.0174985	0.403779	0.0493091	0.0491514	0.0142099	0.00502388
6	0.0367527	0.00327407	0.0461584	0.128541	0.0739073	0.000673224	0.17236	0.00725973	0.0182149	0.00253478	0.0226339	0.0654866	0.00163816	0.0573793	0.322518	0.0156468	0.00851573	0.00774045	0.00217981	0.00658457
7	0.0474419	0.00431368	0.047897	0.123621	0.0761329	0.000388242	0.161086	0.00542613	0.00799483	0.00301655	0.0223452	0.0649188	0.0126487	0.057836	0.323607	0.017979	0.00580479	0.00748345	0.00282694	0.0072322
8	0.0366796	0.0436379	0.0541674	0.036337	0.0167138	0.0544235	0.0076838	0.0433749	0.0612592	0.310892	0.102476	0.0521922	0.000328184	0.0159374	0.00506437	0.0170171	0.0547972	0.0151202	0.0213114	0.0505874
9	0.0183135	0.0291975	0.0162036	0.208587	0.0371824	0.0318601	0.0259289	0.0402076	0.0204849	0.00926563	0.0779021	0.0383269	0.00135036	0.164913	0.00274681	0.0407435	0.103854	0.0142647	0.0620783	0.056589
10	0.0038283	0.0118547	0.024752	0.0722211	0.0618441	0.0165968	0.0303059	0.00338782	0.210396	0.0236725	0.0557448	0.0259303	0.000440114	0.0389555	0.064916	0.00590508	0.264844	0.0180867	0.0272105	0.0391079
11	0.0666821	0.0244748	0.020165	0.00414562	0.0789275	0.031761	0.0166429	0.0251741	0.475031	0.032628	0.0149198	0.00618897	0.024814	0.0193577	0.0146534	0.0149496	0.0127577	0.0439085	0.0222598	0.0505592
12	0.00300073	0.0356817	0.0474399	0.0336061	0.0653595	0.0591868	0.00377017	0.063075	0.0868021	0.000371606	0.0678578	0.0476611	0.324233	0.00869289	0.0119143	0.0066762	0.00427662	0.0308238	0.0328166	0.066754
13	0.00342884	0.0642877	0.00422351	0.011549	0.00387272	0.00849401	0.00987473	0.0573508	0.0593179	0.0114082	0.0126717	0.170221	0.0180276	0.0449887	0.00925652	0.0267143	0.0337612	0.377051	0.0272642	0.046236
14	0.0159247	0.0588775	0.0447054	0.0505203	0.0256357	0.0263677	0.0124427	0.495866	0.0170483	0.0137718	0.0420989	0.0044152	0.0208325	0.0386022	0.0027869	0.00254215	0.00436815	0.0368217	0.0383145	0.0480572
15	0.00298123	0.0268424	0.0193721	0.108993	0.0408387	0.0724371	0.0252269	0.00556019	0.0798192	0.0399867	0.0492129	0.019435	0.000409853	0.0458092	0.0184521	0.010409	0.312641	0.0141177	0.0472415	0.0602147
16	0.0204203	0.47764	0.0244043	0.0568173	0.00871311	0.00312241	0.00611446	0.0671678	0.0200093	0.0265674	0.0623164	0.119289	0.00756049	0.0386302	0.000442516	0.000730292	0.0178771	0.0391971	0.00125076	0.00173049
17	0.049404	0.00598793	0.0410511	0.0715094	0.120342	0.0479644	0.0165637	0.0121245	0.0875848	0.199277	0.0511394	0.0766127	0.0015096	0.0644429	0.0147958	0.00430864	0.0898607	0.00593722	0.0271311	0.0124526
18	0.0602957	0.028601	0.0196582	0.0042878	0.0776881	0.0313584	0.0122186	0.0371756	0.463602	0.0353175	0.0105281	0.00491393	0.0229867	0.0181022	0.0135488	0.0127529	0.0109772	0.06193	0.0201657	0.0538919
19	0.0389911	0.00122191	0.0216122	0.0774809	0.0148995	0.00106175	0.0322593	0.00896282	0.042255	0.0172088	0.0985113	0.0236383	0.00188002	0.0513454	0.00603943	0.432516	0.0712482	0.0291658	0.0166475	0.0130544
20	0.00437852	0.0328838	0.00299469	0.00899114	0.00157258	0.00179458	0.00728019	0.160053	0.0934044	0.046169	0.00656363	0.019164	0.00113355	0.0226771	0.00275528	0.0312844	0.0129633	0.444638	0.0205223	0.0787758
21	0.0346135	0.0454925	0.036076	0.0374406	0.00357534	0.0744846	0.00330541	0.0131238	0.0638004	0.421862	0.0303564	0.045914	0.000200596	0.0193072	0.00318576	0.0086391	0.0494864	0.00515676	0.0253717	0.0786082
22	0.0115428	0.0807593	0.0652622	0.0300795	0.00505414	0.0277701	0.00814724	0.320373	0.0575228	0.145993	0.0428086	0.0218275	0.000500689	0.0161394	0.00265371	0.00215387	0.0145006	0.0832393	0.00511924	0.0585539
23	0.01678	0.0648399	0.0422488	0.0488471	0.0279029	0.0247177	0.0158783	0.467137	0.0294553	0.0281979	0.0372177	0.00521804	0.00944082	0.0384916	0.00469422	0.00297124	0.0130498	0.0397187	0.0318934	0.0512994
24	0.0366105	0.00151355	0.00407419	0.0493341	0.0633373	0.0965031	0.00258908	0.0862956	0.0906606	0.0471148	0.0440537	0.00570852	0.018163	0.0375995	0.00891113	0.00656857	0.0424923	0.0395666	0.0372465	0.281657
25	0.00237645	0.00452235	0.0138222	0.158375	0.0135977	0.106335	0.0284388	0.0107462	0.0347867	0.0300018	0.0478411	0.0151495	0.000444949	0.0644069	0.00619754	0.0275556	0.282726	0.0114374	0.0684859	0.0727532
26	0.0552177	0.00348112	0.0287758	0.0477397	0.327958	0.0402111	0.0159738	0.0328636	0.156085	0.0204102	0.0552525	0.0406354	0.00362451	0.0464848	0.0225275	0.00330702	0.0448758	0.010525	0.0247699	0.0192818
27	0.00639556	0.059186	0.0406397	0.0311769	0.0263688	0.0130782	0.0109381	0.489612	0.0231135	0.0261023	0.0522235	0.00350581	0.0104494	0.0322063	0.00253452	0.0021043	0.00458971	0.0795789	0.0343324	0.0518636
28	0.0628264	0.0048433	0.0310026	0.0344976	0.311266	0.046768	0.00864676	0.103122	0.146446	0.0108446	0.0493871	0.0255023	0.0041561	0.043458	0.0150837	0.00433118	0.0203557	0.0182887	0.028838	0.0303352
29	0.0288062	0.00044548	0.0313377	0.0909108	0.0441481	0.00378677	0.0129994	0.0610616	0.0285428	0.00513549	0.0708432	0.0507056	0.0118018	0.0427518	0.00106005	0.00686664	0.0475747	0.0277714	0.387289	0.0461621
30	0.0252406	0.0221643	0.0461137	0.0218404	0.117503	0.0279057	0.00934798	0.426276	0.0435494	0.00468722	0.0266102	0.00342639	0.0122883	0.0467966	0.00579901	0.00283849	0.00405324	0.0583995	0.0477281	0.0474314
31	0.0121821	0.0398671	0.0320164	0.0797629	0.0551594	0.0451125	0.0218535	0.00345344	0.0641514	0.0569829	0.0454009	0.0482592	0.0008753	0.0469813	0.0171886	0.00682575	0.32485	0.0187158	0.0339113	0.0464504
32	0.00189389	0.000523871	0.000725661	0.0125936	0.0367416	0.501181	0.0153035	0.0291098	0.0312903	0.0541932	0.0448166	0.0230645	0.0168096	0.0355479	0.000847261	0.00696727	0.0799091	0.00434686	0.00857627	0.095558
33	0.00488061	0.0234069	0.00171046	0.00382446	0.00131814	0.000864194	0.00665393	0.176071	0.091043	0.0322208	0.00232515	0.00708463	0.00079483	0.0219168	0.00180769	0.031676	0.00807151	0.480869	0.0208813	0.0825796
34	0.00788723	0.0548332	0.039151	0.0316714	0.032809	0.0124171	0.0113571	0.506783	0.0222609	0.0189936	0.0394912	0.00268464	0.01354	0.0368519	0.00303537	0.00183473	0.0043577	0.0739257	0.0377768	0.0483383
35	0.0345147	0.0420897	0.035693	0.0355764	0.00268092	0.0715197	0.00318974	0.0136638	0.0593755	0.430458	0.0371077	0.0471305	0.000216403	0.0179181	0.00307994	0.00942529	0.0481229	0.0049868	0.0242113	0.0790397
36	0.0344544	0.0427779	0.0366874	0.0358983	0.00256306	0.0772511	0.00309451	0.0135736	0.0619331	0.427018	0.0339917	0.0479638	0.000174193	0.0178794	0.00263981	0.00783793	0.0470981	0.00524506	0.0240208	0.0778978
37	0.238733	0.00482929	0.0151831	0.0249518	0.0841893	0.0227725	0.0258668	0.0480452	0.0993303	0.0221972	0.0801721	0.0396308	0.00329009	0.0481217	0.0241579	0.0818024	0.0607792	0.0288311	0.018365	0.0287512
38	0.00473387	0.0269116	0.00157622	0.00430289	0.00222599	0.00097586	0.00781196	0.184257	0.0863141	0.0287528	0.00306906	0.00889767	0.00463945	0.0236902	0.00243727	0.0300163	0.00871795	0.470222	0.021626	0.0788215
39	0.00226576	0.000412551	0.000716719	0.0124561	0.0374278	0.497529	0.0165448	0.0292427	0.029884	0.05317	0.0489095	0.0231081	0.0169428	0.0340867	0.000705951	0.00707194	0.0804768	0.00501138	0.00769281	0.0963442
40	0.015009	0.0659383	0.0459625	0.0325285	0.0285301	0.0183469	0.0095864	0.450929	0.0390437	0.0638724	0.0359015	0.00471441	0.00162593	0.0279497	0.00290521	0.00254882	0.0115685	0.0729261	0.019565	0.0505479
41	0.0270155	0.000531651	0.0331941	0.0948281	0.043601	0.00349346	0.0127138	0.0594403	0.029583	0.00466038	0.0677865	0.0524386	0.0101939	0.0434258	0.000978151	0.00578698	0.0463804	0.0271054	0.392149	0.044694
42	0.00220067	0.000744371	0.000763915	0.0117847	0.0349843	0.502883	0.0150195	0.0320731	0.0291332	0.0577748	0.0482388	0.0221572	0.0172146	0.0318455	0.000687387	0.00688448	0.078796	0.00476702	0.00840807	0.0936397
43	0.06331	0.0274662	0.0205783	0.00417467	0.0757898	0.0376474	0.0142248	0.0369743	0.44885	0.0409944	0.00908467	0.00501261	0.0243394	0.0175172	0.0116117	0.0132515	0.00920303	0.0602555	0.0252823	0.0544324
44	0.00456574	0.0273165	0.002989	0.00379612	0.00241655	0.00115354	0.00711343	0.169838	0.0942118	0.0349808	0.00219603	0.0156243	0.000785262	0.0238064	0.00229281	0.0324845	0.0100835	0.463048	0.02048	0.0808181
45	0.0369807	0.000994413	0.0209062	0.070592	0.0135201	0.00107558	0.030824	0.00855511	0.0441369	0.0172088	0.0924248	0.0223845	0.00116917	0.0531132	0.00586522	0.447104	0.0712954	0.0294955	0.0182423	0.0141116
46	0.0347165	0.0519568	0.0338606	0.037333	0.00997411	0.0763808	0.00324943	0.0182599	0.0582547	0.413865	0.0253123	0.0524661	0.000257502	0.0174902	0.00246241	0.00953914	0.0478786	0.00580441	0.0242442	0.0766944
47	0.00452421	0.0561389	0.00495228	0.405654	0.0405972	0.00871656	0.0155292	0.0368719	0.00548509	0.0234667	0.0775407	0.0479591	0.00874885	0.0405506	0.00430899	0.0151983	0.0741829	0.00492062	0.069907	0.0547466
48	0.0106982	0.109974	0.00433023	0.0255445	0.0161001	0.0189215	0.00246359	0.0107401	0.00585079	0.0134012	0.0195518	0.443037	0.0184832	0.0568039	0.00782067	0.00218082	0.0238132	0.169091	0.037215	0.00397983
49	0.0191971	0.000444997	0.00310238	0.0561459	0.00958212	0.121649	0.00274525	0.0668214	0.0627668	0.0479123	0.0300448	0.00429335	0.0222601	0.0356577	0.00585783	0.017446	0.0638272	0.100713	0.0353774	0.294156
50	0.0462807	0.00766594	0.0264153	0.0511307	0.370756	0.0324567	0.0290727	0.0122264	0.108736	0.0030612	0.073418	0.0455831	0.0224447	0.0430738	0.0338621	0.0041505	0.0384372	0.00363272	0.0380018	0.00959459
51	0.0303767	0.00153775	0.0354789	0.0611832	0.0147672	0.018985	0.026049	0.0393233	0.0523726	0.0618665	0.0929606	0.0707876	0.000344699	0.0442571	0.0187809	0.268489	0.0466083	0.0883684	0.0215654	0.00589734
52	0.0332169	0.0465367	0.03529	0.0378099	0.00326947	0.0714763	0.002852	0.011124	0.0652428	0.418841	0.0346796	0.0511919	0.000220175	0.0171232	0.00319304	0.00950924	0.052075	0.00509975	0.0247723	0.0764763
53	0.0299157	0.0504042	0.0377875	0.039915	0.004372	0.0679441	0.00376289	0.0148037	0.0664713	0.424776	0.0303817	0.0468194	0.000300471	0.0202559	0.00387648	0.00382371	0.0439623	0.00542943	0.022735	0.0822628
54	0.0259084	0.115807	0.00233838	0.0441835	0.0321282	0.0241139	0.00181189	0.0045419	0.00256821	0.0268482	0.0472697	0.466524	0.0129318	0.0512114	0.00362199	0.000880016	0.0185686	0.0746713	0.0422535	0.00181764
55	0.00407984	0.0583811	0.00510732	0.440135	0.0399936	0.00353795	0.0157303	0.036717	0.00415753	0.019122	0.0845774	0.0453708	0.00698993	0.0425858	0.00813013	0.0203276	0.0529197	0.00375504	0.0590779	0.0493037
56	0.0517605	0.00918947	0.025045	0.0100395	0.117868	0.0251666	0.0123738	0.034252	0.450762	0.0197712	0.0126779	0.0118837	0.0157009	0.0546502	0.0351621	0.00598622	0.0197935	0.0307761	0.0103839	0.0467575
57	0.433559	0.0328263	0.0040131	0.00874848	0.0774435	0.00556459	0.0193111	0.0175515	0.0664812	0.0295905	0.115842	0.0424701	0.000733311	0.0508977	0.0180341	0.0168959	0.00175836	0.000714264	0.0303417	0.0272231
58	0.00302506	0.0242343	0.0220467	0.101467	0.0431355	0.0714784	0.0252127	0.0057408	0.0891256	0.0358947	0.0489949	0.0206549	0.000379521	0.0504035	0.0221987	0.00842605	0.310964	0.0162055	0.0425527	0.0578592
59	0.026379	0.114171	0.0027603	0.0449223	0.0328067	0.0234003	0.00182429	0.00478289	0.00253932	0.0234157	0.0495153	0.470301	0.0112915	0.0527247	0.00303801	0.000851435	0.020061	0.0742867	0.0390344	0.00189498
60	0.00487473	0.0401566	0.00207137	0.00478809	0.00182904	0.00228982	0.00819685	0.131046	0.0734453	0.0220237	0.00458094	0.0635905	0.00728009	0.0301337	0.00311742	0.0308999	0.0146491	0.460148	0.0253716	0.0695072
61	0.00236466	0.0375876	0.0476278	0.034513	0.0658249	0.0587415	0.00348036	0.063651	0.0870121	0.000370449	0.0672092	0.0529489	0.31991	0.00964623	0.0115268	0.00663469	0.00376012	0.0299466	0.0327942	0.0644498
62	0.0931047	0.0140309	0.0207287	0.0536431	0.311153	0.0408284	0.0313745	0.014146	0.0843006	0.00269441	0.0753304	0.0423915	0.0312408	0.0488026	0.0415985	0.0111472	0.0303047	0.00450268	0.0343475	0.0143294
63	0.00469168	0.023301	0.00386899	0.00342606	0.00327772	0.000931884	0.00620629	0.184248	0.0886252	0.0320712	0.00254955	0.00732487	0.000903199	0.0232537	0.00263908	0.0311923	0.00822019	0.468951	0.0216328	0.082685
64	0.0314896	0.0495145	0.0382802	0.0419021	0.00269301	0.0707259	0.00279183	0.0124884	0.0614544	0.416812	0.0355164	0.0490479	0.000185198	0.0176646	0.00285173	0.00744185	0.0479395	0.00561268	0.0240287	0.0815591
65	0.00953122	0.047516	0.0206598	0.0168403	0.0189793	0.00763931	0.011092	0.330831	0.0654966	0.0328615	0.0177014	0.00372771	0.00589131	0.0261357	0.00228826	0.0132841	0.00949881	0.269919	0.0241852	0.065921
66	0.152841	0.00385625	0.00126684	0.0132608	0.162897	0.147048	0.018265	0.0764861	0.15033	0.0211273	0.0328639	0.0423338	0.00165738	0.0443342	0.0143794	0.00364445	0.0187032	0.0322853	0.0138606	0.0485583
67	0.00168257	0.014091	0.0170985	0.130917	0.0220632	0.143349	0.023361	0.0161967	0.0315153	0.0284115	0.0376389	0.0126362	0.000303527	0.0542602	0.00778065	0.0164595	0.279066	0.0122978	0.0620262	0.0888457
68	0.00215197	0.000449301	0.000743986	0.0117877	0.0327771	0.499694	0.015584	0.0287639	0.0307169	0.059413	0.048802	0.0217212	0.0164248	0.0328144	0.000586677	0.00731746	0.0809234	0.00433221	0.00798731	0.0970088
69	0.00104988	0.00275345	0.0159113	0.133918	0.00856327	0.189051	0.0263071	0.0259776	0.0215123	0.0210947	0.0392889	0.0127749	0.000217629	0.0558775	0.00307868	0.0263473	0.243688	0.0107064	0.0651615	0.0967212
70	0.00248217	0.0737113	0.00642296	0.0236564	0.00564959	0.0301261	0.0129345	0.0157597	0.0716543	0.00508764	0.0275007	0.209253	0.0235684	0.0492781	0.016174	0.0204855	0.058597	0.277677	0.030198	0.0397838
71	0.00936635	0.0557572	0.0469906	0.0337143	0.0321763	0.0189652	0.00929388	0.519662	0.0145294	0.0160134	0.0436483	0.00340959	0.0126402	0.0363806	0.00277922	0.00167672	0.00420377	0.0511066	0.037829	0.049857
72	0.00993567	0.0538812	0.045472	0.0343895	0.0314482	0.0191892	0.00953959	0.520989	0.0171516	0.016816	0.0429169	0.0034729	0.0148648	0.0381253	0.00270905	0.00181971	0.00459234	0.0522736	0.0339662	0.046447
73	0.0340364	0.0350847	0.0514747	0.0446503	0.019153	0.0688065	0.00404488	0.074708	0.0730479	0.285658	0.0551708	0.0430977	0.000283867	0.0324897	0.00373428	0.0268975	0.0415643	0.0162659	0.0176821	0.0721498
74	0.0308093	0.035315	0.0371096	0.0456083	0.00514042	0.0734931	0.00585438	0.0250568	0.0682549	0.391453	0.0231683	0.0511254	0.000998638	0.0220544	0.00321157	0.00357135	0.0524516	0.0071874	0.0385834	0.0795527
75	0.00178434	0.00109795	0.00130032	0.015534	0.0319004	0.484012	0.0141539	0.0254799	0.0272867	0.0534394	0.04373	0.0185972	0.0175831	0.0341175	0.000604939	0.0125281	0.0984129	0.00452484	0.00785579	0.106057
76	0.00188422	0.00619124	0.0110432	0.10809	0.0181239	0.23259	0.0240566	0.0176216	0.0284318	0.0281204	0.0339838	0.012566	0.00036806	0.0517168	0.00494986	0.0183683	0.251232	0.00850892	0.0495232	0.0926302
77	0.0480139	0.00637608	0.026231	0.0533641	0.379221	0.0346776	0.0303794	0.0128832	0.106315	0.0028311	0.0628412	0.0494372	0.0202609	0.0412764	0.0362693	0.00384459	0.0366676	0.00372117	0.0360652	0.00932371
78	0.00195969	0.000689085	0.000736225	0.0117358	0.0349585	0.501197	0.0135392	0.0290312	0.0315121	0.0568753	0.0494544	0.0217635	0.0177722	0.0349392	0.000603109	0.00703369	0.0776355	0.00432875	0.00742533	0.0968104
79	0.0191188	0.477837	0.0273979	0.0562099	0.00884408	0.00291914	0.00517294	0.0669712	0.0194553	0.0278288	0.0635469	0.116815	0.00718547	0.0379893	0.000388058	0.000633903	0.0177163	0.0409483	0.0010719	0.00194978
80	0.06158	0.217495	0.0299949	0.0716306	0.156751	0.0295707	0.018683	0.0460455	0.0608783	0.000802939	0.103638	0.063531	0.0260819	0.0545014	0.00745308	0.00364392	0.0290614	0.00665128	0.00829113	0.00371467
81	0.438082	0.0314516	0.00367419	0.0102311	0.0732619	0.00665999	0.0179053	0.0179835	0.0656012	0.0243691	0.113506	0.0426577	0.0011944	0.0519813	0.0174141	0.0173889	0.00180807	0.000841212	0.0335857	0.0304032
82	0.00277015	0.0267604	0.0206991	0.108217	0.0444788	0.0705579	0.0272002	0.00592756	0.0747635	0.0374672	0.0449033	0.019408	0.000310535	0.0506128	0.0175432	0.00958692	0.318153	0.0159906	0.0443489	0.0603008
83	0.0190057	0.483393	0.0248634	0.0534837	0.00883198	0.00321939	0.00531764	0.0639571	0.0205273	0.0261872	0.0620041	0.119498	0.00771174	0.0396969	0.000426815	0.000692129	0.0181726	0.0404699	0.00105213	0.0014885
84	0.0387842	0.00301098	0.0441057	0.106206	0.074999	0.0013202	0.135808	0.0099605	0.0974172	0.00274857	0.027026	0.0560382	0.00135196	0.0632241	0.276169	0.0182049	0.0199146	0.00853999	0.00389004	0.0112818
85	0.152257	0.00590697	0.00260459	0.0127386	0.170886	0.139617	0.0150033	0.0711819	0.156959	0.0213884	0.0324746	0.0440951	0.00162255	0.0423165	0.0153704	0.00421653	0.0187985	0.0321866	0.0133217	0.0470548
86	0.0874969	0.0018642	0.0271673	0.0527586	0.016604	0.00371336	0.0245904	0.0164068	0.0409687	0.020625	0.118356	0.0767923	0.000371185	0.0427186	0.018955	0.346585	0.0536574	0.0297135	0.0182726	0.00238319
87	0.238686	0.0410496	0.0387168	0.0205209	0.0766448	0.0116769	0.0229547	0.02138	0.0914092	0.0180347	0.0783267	0.0875444	0.031995	0.053417	0.019126	0.0223602	0.0570291	0.0079929	0.0311361	0.0299988
88	0.0269042	0.000463007	0.0349832	0.0918025	0.0426722	0.002808	0.0120869	0.0571303	0.0309888	0.00378074	0.066194	0.0542391	0.0111339	0.0445623	0.000900182	0.0064889	0.0446058	0.0314633	0.391658	0.0451348
89	0.0920894	0.0632554	0.0167719	0.0703108	0.0596151	0.0318497	0.0122482	0.00343206	0.00649319	0.0016254	0.432792	0.0513875	0.0143883	0.0482088	0.00298191	0.0201466	0.00333682	0.000885705	0.0419094	0.0262721
90	0.0316632	0.042246	0.0340687	0.0435253	0.0104962	0.0706719	0.00416927	0.0145243	0.0665242	0.420777	0.0279217	0.051717	0.000216806	0.0166217	0.00242411	0.00912132	0.0481964	0.00509025	0.025723	0.0743018
91	0.069135	0.0262447	0.0192049	0.00412103	0.0769633	0.0316142	0.013691	0.0225122	0.474298	0.0330453	0.015517	0.00536337	0.0253303	0.0194671	0.0141271	0.0139694	0.0117251	0.0438447	0.0251084	0.0547181
92	0.0317726	0.0456465	0.038015	0.0378126	0.0132579	0.071515	0.0034299	0.0232356	0.0637778	0.41643	0.0244049	0.0508718	0.000221052	0.0167619	0.00298091	0.00758766	0.0456198	0.00583627	0.0231933	0.0776292
93	0.01838	0.000624963	0.0020513	0.0426751	0.00854521	0.108678	0.00134637	0.0628375	0.0751233	0.0629295	0.0369804	0.00362846	0.0206372	0.0302685	0.0049697	0.00757086	0.0429131	0.0791004	0.0323897	0.358351
94	0.437577	0.0329952	0.00467784	0.00776003	0.0691459	0.00642801	0.0172031	0.0147359	0.0678836	0.0298704	0.114328	0.04603	0.000736341	0.0484061	0.0177573	0.018721	0.00236917	0.000886818	0.0343387	0.0281499
95	0.0943703	0.0608696	0.0189525	0.0663612	0.0622915	0.0300234	0.0130018	0.00356119	0.00736529	0.00128233	0.432664	0.0489216	0.0141344	0.049464	0.00367456	0.0192792	0.00349696	0.000884798	0.0410808	0.0283202
96	0.0752411	0.00116313	0.0336541	0.013953	0.23339	0.0504501	0.0057146	0.202821	0.149008	0.00901871	0.0194798	0.0106848	0.00232137	0.0447158	0.0118388	0.00558226	0.0137237	0.0384476	0.0240223	0.0547701
97	0.0364767	0.0402918	0.0347138	0.0373146	0.0125511	0.0792203	0.00311482	0.0211075	0.0605865	0.414685	0.0240378	0.0509782	0.000193566	0.016687	0.00258116	0.00863882	0.0453681	0.00506357	0.0228144	0.0835751
98	0.000824919	0.00192872	0.0146557	0.139191	0.00644745	0.178898	0.0281618	0.0240115	0.0216411	0.0188391	0.0430969	0.0132997	9.77978e-05	0.0594635	0.00337235	0.0313722	0.239756	0.0109986	0.0655979	0.0983459
99	0.0230513	0.0595207	0.0763723	0.0290397	0.00314073	0.0488276	0.00330163	0.158862	0.0626879	0.228921	0.0671314	0.0392523	0.000355853	0.0153569	0.00340655	0.00968761	0.0393757	0.0604601	0.0124848	0.0587636
100	0.00658703	0.0420926	0.0281274	0.0189408	0.0256855	0.00664108	0.0114832	0.419596	0.0423792	0.0218718	0.0299378	0.00325867	0.0148539	0.0329906	0.00355581	0.00711427	0.00466604	0.18605	0.0372853	0.0568831
101	0.0507246	0.00764725	0.0318539	0.053057	0.369279	0.0342415	0.0286124	0.0124861	0.107387	0.00302077	0.0705798	0.0454123	0.0181683	0.0447937	0.032139	0.00397957	0.0367669	0.00359018	0.0360208	0.0102409
102	0.0293526	0.0521398	0.0326466	0.0362824	0.00392822	0.0710609	0.00381265	0.0291855	0.0669477	0.42506	0.0226694	0.0514326	0.000214879	0.0170583	0.0026949	0.002938	0.0415337	0.00791465	0.0192633	0.0838639
103	0.00734088	0.0381533	0.00166621	0.00671998	0.0017697	0.00211115	0.00790157	0.136689	0.074865	0.0224263	0.003308	0.0623314	0.00334895	0.0313106	0.00359465	0.0286695	0.0147445	0.459586	0.0232928	0.0701706
104	0.00297787	0.0469478	0.00533898	0.431367	0.0364293	0.00311815	0.018661	0.0296988	0.00729882	0.017932	0.0791693	0.0387773	0.00439062	0.0641023	0.0101092	0.0217001	0.0655432	0.00300647	0.0639318	0.0495006
105	0.0265521	0.0543305	0.0754979	0.0329773	0.00827614	0.0451399	0.00742919	0.151585	0.0572507	0.226426	0.0888578	0.0447292	0.000358352	0.0109991	0.00546835	0.00981516	0.0494058	0.0486867	0.0123551	0.0438597
106	0.00372439	0.0664402	0.00379856	0.00873652	0.00334953	0.00741274	0.00844235	0.0668576	0.0651098	0.0115116	0.00684563	0.160323	0.0163947	0.0417157	0.00833026	0.023124	0.0291321	0.392407	0.0269331	0.0494118
107	0.443968	0.0124203	0.0043342	0.0146142	0.0773236	0.00446344	0.0188356	0.015787	0.0643697	0.0154739	0.118981	0.0366621	0.000744263	0.051889	0.0255532	0.0376513	0.00357084	0.000920985	0.0274325	0.0250054
108	0.313938	0.0412869	0.00337224	0.0163838	0.09905	0.053231	0.0182854	0.0266039	0.0999117	0.0368772	0.0958115	0.0560537	0.00162738	0.0519625	0.00917722	0.00874739	0.00588467	0.00634742	0.0247593	0.0306892
109	0.0059085	0.0618658	0.0422131	0.0340282	0.0258205	0.0144657	0.00868404	0.51752	0.0154479	0.0210416	0.0549554	0.00337704	0.0125041	0.0340947	0.0023464	0.00167396	0.00409741	0.0578011	0.0339928	0.048162
110	0.0049701	0.0208417	0.00180729	0.00412542	0.00171303	0.000824352	0.0066108	0.17314	0.088683	0.0310071	0.00269187	0.00637473	0.000815243	0.0234927	0.00196276	0.0345852	0.00974409	0.481477	0.021291	0.0838427
111	0.016263	0.012207	0.00750382	0.00884382	0.041537	0.4076	0.0161042	0.056977	0.0428289	0.0448016	0.0377343	0.0375432	0.0167053	0.0420512	0.00126096	0.011882	0.0798357	0.0257918	0.0114406	0.0810887
112	0.0486025	0.00727825	0.0309304	0.0525257	0.373587	0.0344883	0.02796	0.0122049	0.106126	0.00286478	0.0728956	0.0465356	0.0195282	0.0430511	0.032506	0.00369164	0.0359541	0.00351541	0.0363345	0.00942005
113	0.00556185	0.0228963	0.00153393	0.00511148	0.00155686	0.00128215	0.00856676	0.15702	0.0849726	0.0267374	0.00318483	0.0209261	0.00463299	0.0254241	0.00276973	0.0398529	0.0114765	0.47852	0.0195534	0.0784203
114	0.0495478	0.00701651	0.0297763	0.0483747	0.36997	0.0366838	0.0261114	0.0110345	0.110664	0.00341899	0.0691617	0.0515253	0.0189188	0.0402591	0.0313968	0.00376502	0.0386728	0.0040177	0.0400013	0.00968344
115	0.0428933	0.00394179	0.0465214	0.129256	0.0768476	0.000321415	0.168792	0.00425549	0.00852371	0.00301883	0.0230728	0.0695093	0.00710659	0.057152	0.325089	0.0161018	0.00460815	0.00525841	0.00263676	0.00509367
116	0.0661249	0.0363808	0.00776958	0.0446432	0.0572347	0.0805333	0.245063	0.0778887	0.0707054	0.0102677	0.0658532	0.0122279	0.00192975	0.0123136	0.00560118	0.0493565	0.0555235	0.0414865	0.0402607	0.0188359
117	0.0028637	0.0490379	0.00519628	0.427799	0.0423687	0.00291802	0.0158798	0.0299366	0.00702218	0.0170434	0.0793227	0.0430328	0.00433332	0.0624829	0.00868326	0.0173369	0.0645189	0.0032811	0.0658667	0.0510763
118	0.00872634	0.0554197	0.0467277	0.0337866	0.0304489	0.0191491	0.0108149	0.525753	0.0173847	0.016295	0.0426841	0.0034628	0.0129012	0.0375364	0.00289784	0.0016008	0.00431053	0.0491108	0.0364408	0.0445491
119	0.0528324	0.0136907	0.0223512	0.00654453	0.101637	0.0253626	0.0118746	0.0265653	0.4801	0.0175062	0.0144274	0.00853373	0.0305206	0.0315913	0.0341467	0.00722136	0.0214499	0.0329083	0.012461	0.0482749
120	0.0604922	0.0037314	0.0854029	0.0557211	0.0250627	0.0133063	0.00880675	0.00646021	0.0495209	0.0402281	0.0910385	0.225604	0.00808767	0.0356184	0.0352683	0.165862	0.0512951	0.0147335	0.0218217	0.00193809
121	0.0468103	0.00164777	0.0414477	0.066245	0.025083	0.00159642	0.0176252	0.00858205	0.0405821	0.0259657	0.108098	0.159159	0.00310225	0.0433654	0.0103579	0.245365	0.0923026	0.0175676	0.0331617	0.011935
122	0.0533153	0.00274214	0.0317335	0.0521631	0.331075	0.0405545	0.0173424	0.0325774	0.143371	0.0182628	0.0571829	0.0447019	0.0047911	0.0442793	0.0232219	0.00360695	0.0447309	0.00907203	0.0281997	0.0170755
123	0.0494365	0.0251293	0.0304018	0.0145451	0.0685887	0.0471256	0.00892793	0.0482964	0.254129	0.142809	0.0117012	0.0124586	0.0020276	0.0560872	0.00817765	0.0073562	0.011253	0.0581258	0.0145017	0.128921
124	0.145175	0.00177431	0.00672233	0.0395659	0.0183113	0.00216172	0.0327881	0.0147986	0.0304689	0.0127311	0.201847	0.0498144	0.00199334	0.0443428	0.0404089	0.263165	0.0629955	0.010664	0.0186857	0.00158601
125	0.0212432	0.0989358	0.00380969	0.0502182	0.0348613	0.0265055	0.00273862	0.00499391	0.00444808	0.0329925	0.0306653	0.458683	0.00811336	0.0514032	0.00432667	0.00140144	0.0521392	0.0723624	0.0371463	0.00301226
126	0.0208514	0.000486327	0.00174007	0.0377769	0.00754612	0.108049	0.00141518	0.0679664	0.0727071	0.0604701	0.0310457	0.00379693	0.0216742	0.030149	0.00524042	0.0083285	0.0400205	0.0822921	0.0359589	0.362485
127	0.0121441	0.0297617	0.0246379	0.151302	0.0215599	0.00284243	0.0330084	0.053499	0.0412199	0.0321715	0.123301	0.0547709	0.00493428	0.0342974	0.00902804	0.0520059	0.160538	0.0454057	0.0617149	0.0518564
128	0.0821565	0.00278418	0.116773	0.0240219	0.0114492	0.0481695	0.00755205	0.0065342	0.100004	0.130734	0.132524	0.111341	0.0036228	0.0105837	0.0248691	0.050294	0.0962143	0.0195383	0.0191422	0.0016913
129	0.234325	0.00392353	0.0124279	0.025367	0.0764637	0.0196776	0.0242272	0.0595116	0.103986	0.0277532	0.0933278	0.0340664	0.00287851	0.0477732	0.0235624	0.0831951	0.0580143	0.0252569	0.0184394	0.025824
130	0.0142413	0.0847479	0.0670152	0.0332054	0.00249536	0.0230203	0.00761991	0.289401	0.0524207	0.151802	0.0725259	0.0294714	0.000489218	0.0148328	0.00248734	0.00254696	0.0224347	0.0717803	0.00493191	0.0525303
131	0.0465037	0.0110755	0.0351609	0.0168682	0.112131	0.0183656	0.0118304	0.0272201	0.437696	0.0261394	0.0146047	0.0155976	0.00756036	0.0633262	0.0381334	0.00592099	0.0217526	0.0282289	0.0114716	0.0504127
132	0.0115555	0.00392237	0.0210314	0.184593	0.00993708	0.0956507	0.0265997	0.0181085	0.0181692	0.00623616	0.057444	0.0436106	0.000194181	0.0555941	0.0023063	0.0411613	0.206971	0.0134364	0.0785714	0.104907
133	0.0192046	0.000596349	0.00200027	0.0403645	0.00928849	0.105501	0.00147496	0.0724266	0.0764038	0.0592069	0.0345496	0.00354974	0.0213338	0.0300448	0.005302	0.00788601	0.0403775	0.0775191	0.0345713	0.358398
134	0.0259094	0.11633	0.00266832	0.0432165	0.0326493	0.0211608	0.00144825	0.00491129	0.00256801	0.024034	0.0453031	0.470306	0.012735	0.0536803	0.00323223	0.000838232	0.0209433	0.076155	0.039296	0.0026156
135	0.0734678	0.00130568	0.11207	0.0230137	0.00345013	0.0651655	0.0101659	0.00716147	0.0918664	0.165473	0.140056	0.08321	0.00087927	0.0145053	0.0228439	0.0308401	0.111316	0.0225898	0.0192226	0.0013971
136	0.0127461	0.0603991	0.0298599	0.0729199	0.0462771	0.0335683	0.0128297	0.00289481	0.0287855	0.0545854	0.0190843	0.227309	0.00106866	0.0508135	0.00841314	0.00939103	0.234302	0.032805	0.0379385	0.0240087
137	0.097876	0.0141701	0.0116473	0.00357828	0.199256	0.107016	0.0159522	0.0776667	0.184423	0.0214478	0.0288739	0.0399631	0.00712953	0.0354893	0.0229227	0.00671172	0.0352292	0.0345025	0.0109947	0.0451508
138	0.0052151	0.0492952	0.333275	0.00463816	0.0449486	0.00105645	0.00348095	0.192911	0.059261	0.0456707	0.0451652	0.0135174	0.0221877	0.0483299	0.00665924	0.00698662	0.0193487	0.0277453	0.0450808	0.0252275
139	0.00439913	0.000825675	0.0229943	0.266949	0.00884032	0.0337819	0.0226839	0.0416589	0.0218843	0.0107207	0.0566844	0.0146422	0.00185898	0.0631809	0.00336563	0.0209286	0.16564	0.0101693	0.0926307	0.136162
140	0.035355	0.00393821	0.0486299	0.130905	0.0773371	0.000406411	0.171592	0.00414566	0.0108692	0.00459153	0.0225724	0.0660719	0.00563941	0.0567904	0.325139	0.0134254	0.0056488	0.00685134	0.00328563	0.00680575
141	0.0591312	0.00157908	0.0192662	0.0618593	0.0149422	0.00129371	0.0278239	0.00907449	0.0376476	0.0161986	0.114001	0.0441391	0.000760383	0.0502534	0.00869113	0.432306	0.0483199	0.0248994	0.0169571	0.0108568
142	0.00577341	0.00332652	0.0501122	0.162969	0.071905	0.000504626	0.207541	0.00559927	0.0121491	0.00377858	0.0315963	0.0551947	0.00308393	0.0587874	0.267514	0.0175581	0.0282171	0.00288928	0.00583102	0.00566999
143	0.438177	0.0323453	0.00476122	0.0076797	0.0796854	0.00551558	0.0177709	0.0136938	0.0644678	0.024765	0.116914	0.0442272	0.000646436	0.0505741	0.017651	0.0166882	0.00151656	0.000465898	0.0338692	0.0285858
144	0.00473412	0.0456826	0.00378812	0.00401188	0.00256312	0.00325912	0.00779139	0.118321	0.070442	0.0183924	0.00467381	0.0885543	0.00943416	0.0356808	0.00378023	0.0265054	0.0125531	0.448847	0.024297	0.0666877
145	0.00600031	0.0528241	0.399644	0.004184	0.0575383	0.00111952	0.00163453	0.0894235	0.0622272	0.0508368	0.0589337	0.0270637	0.0265306	0.0491843	0.0124638	0.00755725	0.0268298	0.0121021	0.0433542	0.0105477
146	0.0151428	0.00735095	0.028959	0.00994652	0.0797608	0.0170743	0.0181802	0.00465594	0.419593	0.0160872	0.0471123	0.0270315	0.00353628	0.0238116	0.0811533	0.00392123	0.141664	0.0204689	0.0086727	0.0258774
147	0.0180598	0.0633888	0.0463597	0.0482308	0.0248313	0.0251668	0.010603	0.494477	0.0177662	0.0135003	0.0401212	0.004194	0.0213829	0.041964	0.00380402	0.00271519	0.00430447	0.0354703	0.0356174	0.048043
148	0.0628709	0.0652613	0.0376717	0.00864765	0.0541046	0.0412048	0.00196161	0.0748232	0.0108896	0.00569453	0.0808645	0.087639	0.00100657	0.291442	0.000752452	0.0232753	0.0343783	0.0471491	0.0367805	0.0335826
149	0.109404	0.00196654	0.00359397	0.0495215	0.0207156	0.00189895	0.0462225	0.0104666	0.0308884	0.0136274	0.173802	0.0401883	0.00717862	0.0511798	0.0381025	0.297034	0.0693991	0.0156521	0.0174242	0.00173285
150	0.00331157	0.0174921	0.0235042	0.090762	0.0496029	0.0260326	0.0303231	0.00473414	0.19576	0.032283	0.120656	0.0223843	0.000780811	0.0426629	0.0348558	0.0108682	0.180591	0.0147721	0.0567467	0.0418765
151	0.0328906	0.0499334	0.0370062	0.0400396	0.00444095	0.0724749	0.00344814	0.0233044	0.0680214	0.418818	0.0250264	0.046891	0.000241736	0.0201945	0.00290057	0.00328088	0.0427793	0.00687577	0.0197746	0.0816573
152	0.0358062	0.00755694	0.0281244	0.10684	0.068669	0.0068667	0.220674	0.01563	0.0710876	0.00427831	0.0555012	0.0352319	0.00101498	0.0576554	0.170203	0.0476864	0.0451516	0.0114308	0.00881742	0.00177412
153	0.0201501	0.480709	0.0255955	0.0567055	0.00967155	0.00307171	0.00485703	0.0650402	0.0205827	0.0255892	0.0654752	0.115731	0.00715453	0.0383327	0.00038571	0.000708292	0.0170441	0.0402975	0.0011512	0.00174708
154	0.0186987	0.481514	0.0270441	0.0551286	0.00924216	0.00300738	0.00499728	0.0674735	0.0179115	0.027479	0.0631439	0.117773	0.0074383	0.038608	0.00040367	0.00070473	0.0172202	0.0392362	0.00111163	0.00186392
155	0.00268556	0.000808634	0.000694013	0.0126403	0.0354065	0.500737	0.0151597	0.0293524	0.0305376	0.0555537	0.0449537	0.0203015	0.0181123	0.0338928	0.000687879	0.00745596	0.0806334	0.00435585	0.00808649	0.0979451
156	0.00637732	0.0373445	0.00170579	0.00645353	0.00164219	0.00185178	0.00695861	0.14007	0.0763715	0.0221404	0.00468996	0.058742	0.00297152	0.0317176	0.0036318	0.0305978	0.021131	0.449928	0.0243022	0.0713725
157	0.00237156	0.00411518	0.0143585	0.18552	0.0212853	0.0699148	0.0305859	0.00989488	0.0361759	0.0441645	0.0580842	0.0169281	0.000746273	0.075107	0.00512044	0.0237681	0.241128	0.00983707	0.0826283	0.068266
158	0.0434619	0.00368008	0.0618186	0.0315606	0.023758	0.00573005	0.00464316	0.00737309	0.0474699	0.0311716	0.106708	0.211012	0.00550656	0.0313249	0.0285837	0.250708	0.0746521	0.0110813	0.0183148	0.00144189
159	0.184966	0.000550659	0.00437708	0.0158188	0.236659	0.0445517	0.00081868	0.12	0.144992	0.00833122	0.0480043	0.00914594	0.00200978	0.0499528	0.0124611	0.0133548	0.0126679	0.0238512	0.0223121	0.0451738
160	0.0207571	0.0141327	0.0491678	0.0651761	0.045042	0.0181855	0.0196304	0.00329967	0.104296	0.06483	0.0622787	0.109313	0.00174934	0.0337153	0.0271172	0.0100369	0.271177	0.0240202	0.0293166	0.0267574
161	0.00655608	0.0529455	0.393046	0.00564819	0.0622235	0.00148975	0.00191981	0.0814949	0.0642833	0.0498513	0.0576388	0.029921	0.0282326	0.0504275	0.0115594	0.00869563	0.0287926	0.0112528	0.0441391	0.00988175
162	0.0271573	0.000520388	0.0353307	0.0916798	0.0430293	0.00330344	0.0137307	0.0622461	0.0286348	0.00467054	0.0670934	0.0503045	0.0101298	0.0449011	0.00102174	0.00675172	0.0445938	0.0313872	0.391978	0.0415357
163	0.00460243	0.0045257	0.00872424	0.240705	0.0297593	0.00336349	0.0495107	0.00812321	0.0424889	0.0292982	0.0767954	0.0215967	0.00155002	0.0896894	0.00728701	0.0450227	0.192931	0.00962116	0.0902905	0.0441147
164	0.0598097	0.00202942	0.105722	0.044362	0.0089728	0.0407689	0.00928753	0.00772703	0.0834403	0.110136	0.121108	0.10108	0.00304309	0.024455	0.0202334	0.0618646	0.123093	0.0376012	0.0278441	0.00742166
165	0.00137666	0.00332031	0.0122266	0.156746	0.0208332	0.100388	0.029511	0.0111319	0.0395217	0.0255647	0.0486462	0.0151688	0.00031763	0.0594458	0.00798179	0.0250136	0.282046	0.0118574	0.0698057	0.0790968
166	0.0808051	0.00136656	0.111535	0.0235524	0.00496192	0.0639194	0.00912205	0.00677438	0.0929089	0.161037	0.135403	0.0853336	0.00148911	0.0140798	0.0235161	0.032385	0.109167	0.0222406	0.0190884	0.00131516
167	0.0208812	0.000695381	0.00201015	0.0397382	0.0112181	0.110293	0.00162826	0.0659523	0.0715956	0.0603489	0.0340097	0.00429188	0.0213733	0.0311634	0.00560203	0.00809958	0.0436116	0.0746258	0.0345743	0.358287
168	0.021179	0.000438907	0.00230124	0.0428315	0.010232	0.10359	0.00160369	0.0698327	0.0730115	0.0621832	0.0341974	0.00463193	0.0195812	0.0297529	0.00623614	0.00710559	0.0432239	0.0737331	0.0399685	0.354365
169	0.0825069	0.00535397	0.0186596	0.0134546	0.208551	0.0477578	0.00668065	0.233484	0.136136	0.00947895	0.0193181	0.010007	0.000116981	0.0419999	0.0105442	0.00736363	0.0139908	0.0543999	0.0231127	0.0570842
170	0.00901232	0.0234832	0.0544451	0.275363	0.0500733	0.00211303	0.0909361	0.0336186	0.00935501	0.0198325	0.0538708	0.0567728	0.00907732	0.0413906	0.11036	0.0313374	0.0509864	0.00619787	0.0366429	0.0351321
171	0.0696517	0.0104689	0.0410139	0.0116461	0.151245	0.0370667	0.0102161	0.0460614	0.357713	0.0242933	0.0194876	0.0265348	0.00259173	0.0576693	0.0255119	0.00965695	0.0172095	0.0279638	0.00874379	0.0452547
172	0.00268066	0.00222948	0.00199516	0.0107752	0.0354859	0.49268	0.015361	0.0301998	0.0314631	0.0576484	0.0476398	0.0220735	0.0188273	0.0348516	0.000550373	0.00796116	0.0792161	0.00473235	0.00849031	0.0951392
173	0.0813459	0.00358536	0.0238757	0.0409071	0.241982	0.0495382	0.00957977	0.050801	0.1464	0.00464746	0.0563408	0.020128	0.0122758	0.0481917	0.0168057	0.005061	0.0326408	0.0137914	0.029742	0.11236
174	0.00258644	0.0398548	0.047144	0.0349772	0.0660743	0.0585367	0.00338226	0.0651077	0.0855223	0.000416297	0.0660641	0.0542572	0.318363	0.00945113	0.0117717	0.00652349	0.00366584	0.0314142	0.0320626	0.0628252
175	0.0408656	0.00663421	0.0390336	0.0199844	0.0945396	0.0159204	0.0139929	0.0203761	0.437608	0.0164677	0.0258513	0.0314437	0.00473352	0.0444512	0.0595718	0.0100303	0.0545381	0.020216	0.00541375	0.0383274
176	0.0461357	0.00113791	0.0227114	0.0707823	0.015223	0.00107772	0.0324397	0.008744	0.0452157	0.0173835	0.0955003	0.0212329	0.00107044	0.0522527	0.00648021	0.441229	0.0659573	0.0260598	0.0174774	0.0118887
177	0.0192178	0.479391	0.0261898	0.0546769	0.00881462	0.00293419	0.0054336	0.0674287	0.0207705	0.027468	0.0642581	0.11469	0.00795098	0.0385912	0.000476117	0.000715155	0.0176671	0.0400745	0.00147825	0.00177315
178	0.0190467	0.480773	0.0251365	0.0560313	0.00938515	0.00355254	0.00567822	0.0669106	0.0193686	0.0272418	0.0598742	0.120099	0.00665831	0.0376153	0.000377496	0.000651706	0.0176046	0.0410586	0.00110642	0.00183032
179	0.0397112	0.00800811	0.0281295	0.00895079	0.0837689	0.0126014	0.0158171	0.0102102	0.46609	0.0108778	0.0459121	0.0135853	0.0219275	0.0289789	0.0762056	0.0047372	0.0608241	0.0183379	0.0106662	0.0346599
180	0.00264026	0.000874033	0.0184664	0.176446	0.00384894	0.110491	0.0333674	0.0209359	0.0374565	0.00644261	0.0460387	0.0159323	6.79089e-05	0.0685397	0.00521777	0.0226784	0.2385	0.0114123	0.0808668	0.0997775
181	0.00474848	0.00375435	0.0497194	0.171787	0.0601654	0.00115314	0.189235	0.00940241	0.0155057	0.00485623	0.0368845	0.0500647	0.00136835	0.061096	0.227096	0.0184218	0.0551456	0.0044569	0.0168281	0.0183111
182	0.0460046	0.0102205	0.111118	0.0277097	0.0246809	0.0869836	0.0299489	0.0163773	0.0772911	0.113602	0.111897	0.0770801	0.00648861	0.0343218	0.0168997	0.0462982	0.110276	0.0167116	0.0216737	0.0144165
183	0.0189771	0.481657	0.0231383	0.0546022	0.00968409	0.00352325	0.00509857	0.0687191	0.01813	0.0254859	0.0660926	0.11734	0.0077613	0.0367673	0.000343499	0.000722697	0.0171804	0.0412007	0.00142147	0.00215436
184	0.000984253	0.00034753	0.0149859	0.161968	0.0036983	0.137385	0.02549	0.0196018	0.0252788	0.0121489	0.0433234	0.0173912	6.64817e-05	0.063603	0.00360874	0.0287651	0.242648	0.0133379	0.0747235	0.110643
185	0.00291357	0.0319518	0.0466149	0.0319974	0.0653125	0.0627015	0.0048178	0.0615778	0.0914639	0.00053257	0.0668794	0.0468116	0.320951	0.00809505	0.0147967	0.00861007	0.00382846	0.0323079	0.0311114	0.0667249
186	0.00717248	0.00241918	0.0147659	0.209401	0.0217262	0.014199	0.0302363	0.00986472	0.0321337	0.0440698	0.0776051	0.0337463	0.000410522	0.0608518	0.00385342	0.046025	0.205273	0.00958397	0.127802	0.0488602
187	0.0156792	0.0075441	0.0282433	0.0123946	0.0733032	0.0172425	0.0198806	0.00408197	0.393185	0.0165069	0.0560387	0.0269855	0.00359797	0.0226053	0.0836121	0.00369086	0.15839	0.0217007	0.0092456	0.0260715
188	0.00552913	0.0528316	0.382709	0.00558219	0.0586129	0.0012175	0.00195938	0.104614	0.0673222	0.0461658	0.0509119	0.0195078	0.0287295	0.0485848	0.0114913	0.0102713	0.0291111	0.0148907	0.0465455	0.0134125
189	0.0569117	0.0243932	0.126142	0.0646552	0.065068	0.0107878	0.026143	0.0188218	0.208193	0.0417051	0.0669954	0.0731402	0.0152355	0.0432452	0.0420624	0.0165994	0.0344126	0.0160752	0.0237467	0.0256663
190	0.0691463	0.00377276	0.0711591	0.102417	0.0329927	0.0052773	0.0208015	0.00834396	0.0481248	0.0298349	0.0958492	0.182626	0.00636446	0.0318563	0.0491417	0.161157	0.0502858	0.00923718	0.0193093	0.00230178
191	0.0485896	0.0187344	0.0414559	0.0218613	0.0937856	0.0413482	0.0116663	0.0217886	0.316107	0.0767672	0.0276763	0.0282388	0.00638273	0.0867599	0.0181888	0.0137496	0.0199364	0.0223539	0.0182739	0.0663358
192	0.00435032	0.0262144	0.00766466	0.00507945	0.00712694	0.00114795	0.00860134	0.224892	0.0791954	0.0261386	0.00852302	0.007581	0.0107631	0.0239212	0.00249578	0.0271975	0.00784583	0.416504	0.0282058	0.0765523
193	0.0262338	0.1131	0.00303965	0.045273	0.0358153	0.0222089	0.00182563	0.00506326	0.00241528	0.0243591	0.0446746	0.471397	0.0125348	0.051211	0.00345115	0.000905372	0.0216527	0.0740611	0.0382783	0.00250056
194	0.0259632	0.00269474	0.00407159	0.190238	0.0302052	0.0023524	0.0649272	0.00792468	0.0462147	0.0260596	0.126534	0.0188756	0.00459401	0.0977521	0.0115229	0.0768492	0.155628	0.00983545	0.0757425	0.0220145
